15
61
73
86
98
123
125
138
156
175
190
236
284
303
382
437
466
510
531
577
592
641
643
646
694
714
746
791
800
813
827
842
859
871
873
903
922
939
946
984
1018
1042
1047
1092
1096
1114
1122
1139
1163
1201
1254
1268
1316
1318
1350
1376
1420
1450
1488
1558
1625
1628
1657
1672
1726
1729
1736
1804
1815
1828
1830
1831
1845
1899
1922
1940
1958
1979
2010
2074
2090
2109
2136
2211
2286
2287
2298
2339
2378
2401
2415
2423
2431
2546
2573
2598
2614
2620
2635
2654
2659
2666
2755
2765
2800
2812
2827
2847
2852
2862
2882
2891
2898
2920
2926
2946
2962
2973
2996
3015
3049
3056
3089
3094
3096
3114
3118
3119
3128
3147
3162
3192
3201
3204
3218
3224
3251
3265
3277
3310
3326
3331
3340
3356
3368
3385
3386
3391
3412
3416
3433
3444
3460
3485
3501
3514
3536
3594
3607
3613
3617
3630
3637
3656
3685
3745
3763
3791
3807
3813
3857
3938
3944
3946
3952
3959
3974
3976
3978
4011
4017
4018
4032
4045
4049
4060
4069
4116
4144
4147
4151
4164
4196
4243
4268
4270
4289
4295
4312
4332
4353
4381
4393
4398
4413
4426
4428
4444
4474
4486
4511
4513
4551
4555
4616
4640
4644
4694
4716
4731
4732
4746
4772
4789
4790
4821
4846
4852
4868
4880
4908
4922
4934
4981
4990
4999
5019
5020
5028
5049
5053
5104
5131
5132
5141
5164
5175
5206
5251
5266
5285
5289
5303
5339
5388
5399
5402
5435
5451
5465
5467
5518
5628
5633
5636
5640
5692
5714
5755
5756
5757
5773
5797
5801
5824
5842
5846
5862
5882
5883
5895
5926
5932
5940
5943
5946
5948
5976
5979
5980
6014
6108
6123
6143
6159
6162
6176
6243
6247
6277
6278
6285
6290
6291
6321
6341
6343
6408
6409
6441
6468
6515
6543
6550
6553
6565
6573
6604
6623
6644
6659
6662
6724
6726
6753
6760
6763
6775
6805
6827
6836
6841
6857
6902
6942
6945
6948
6949
7002
7024
7037
7058
7101
7104
7118
7203
7209
7239
7241
7305
7309
7330
7383
7392
7396
7397
7406
7463
7474
7519
7582
7591
7611
7656
7740
7759
7799
7853
7883
7888
7891
7905
7919
7953
7974
7985
7993
8001
8077
8135
8146
8147
8151
8158
8175
8179
8231
8269
8298
8355
8361
8371
8396
8400
8405
8406
8418
8421
8429
8431
8438
8464
8466
8484
8510
8513
8517
8522
8540
8565
8579
8580
8684
8691
8745
8783
8790
8797
8818
8850
8854
8901
8975
8977
8989
8995
8997
9041
9050
9140
9141
9156
9163
9164
9192
9275
9294
9295
9296
9297
9311
9323
9332
9359
9376
9389
9428
9445
9450
9470
9477
9513
9521
9526
9531
9549
9570
9571
9572
9596
9600
9654
9710
9718
9721
9734
9782
9783
9799
9804
9829
9840
9846
9851
9876
9926
9936
9945
9981
9989
9990
9994
10009
10011
10110
10114
10150
10157
10176
10180
10196
10200
10209
10213
10233
10259
10288
10316
10339
10353
10378
10396
10401
10406
10421
10426
10437
10449
10462
10468
10470
10578
10594
10604
10615
10642
10665
10680
10693
10725
10763
10884
10897
10898
10899
10934
10941
10981
10987
10990
11031
11065
11076
11089
11160
11197
11202
11220
11256
11282
11285
11297
11310
11346
11348
11351
11356
11372
11397
11415
11423
11434
11453
11464
11470
11485
11493
11617
11622
11626
11647
11665
11672
11703
11748
11751
11824
11833
11843
11853
11867
11884
11901
11903
11926
11951
12006
12028
12035
12037
12044
12059
12060
12065
12139
12155
12162
12182
12188
12193
12216
12218
12267
12277
12298
12328
12329
12331
12346
12358
12369
12394
12438
12459
12486
12511
12514
12571
12583
12606
12682
12694
12701
12710
12721
12779
12786
12793
12795
12812
12818
12827
12847
12856
12859
12873
12877
12889
12894
12896
12913
12935
13007
13073
13096
13104
13123
13139
13176
13213
13256
13290
13294
13301
13308
13319
13350
13351
13356
13376
13420
13459
13460
13470
13500
13511
13517
13529
13538
13575
13610
13653
13697
13698
13703
13705
13716
13733
13736
13748
13760
13764
13773
13782
13797
13803
13856
13860
13863
13865
13880
13905
13941
13980
14008
14043
14055
14061
14072
14078
14094
14096
14118
14121
14137
14211
14272
14295
14315
14316
14321
14328
14345
14361
14384
14437
14455
14469
14470
14485
14491
14497
14516
14520
14601
14619
14632
14690
14715
14730
14751
14755
14766
14767
14818
14855
14860
14955
14968
15025
15118
15120
15157
15159
15187
15204
15228
15251
15272
15289
15335
15379
15391
15405
15411
15416
15422
15433
15452
15455
15456
15495
15501
15509
15514
15530
15541
15553
15607
15609
15627
15638
15646
15669
15689
15699
15705
15713
15721
15730
15739
15769
15793
15800
15828
15835
15852
15910
15923
15924
15934
15938
15958
15963
15969
15970
15979
16017
16022
16053
16067
16091
16094
16114
16159
16189
16198
16204
16216
16221
16272
16290
16301
16311
16395
16447
16448
16491
16502
16511
16516
16552
16554
16577
16611
16644
16658
16660
16661
16666
16696
16701
16710
16725
16735
16750
16783
16785
16791
16803
16813
16833
16848
16850
16858
16860
16865
16871
16886
16891
16898
16905
16926
16953
16957
16985
16997
17046
17049
17055
17057
17059
17119
17128
17233
17259
17264
17292
17316
17404
17426
17442
17446
17447
17478
17508
17516
17533
17570
17609
17629
17634
17641
17652
17653
17663
17694
17723
17733
17735
17756
17764
17820
17847
17850
17859
17890
17896
17933
17985
17993
18002
18017
18027
18069
18085
18116
18143
18149
18163
18175
18211
18213
18218
18245
18256
18258
18263
18297
18317
18360
18407
18412
18450
18488
18499
18506
18513
18524
18549
18562
18569
18644
18667
18680
18719
18729
18730
18770
18803
18807
18841
18869
18897
18898
18908
18949
18966
18994
18998
19008
19009
19022
19026
19042
19044
19049
19058
19128
19163
19179
19182
19215
19216
19221
19228
19230
19241
19246
19247
19271
19283
19312
19336
19348
19447
19474
19511
19541
19555
19576
19586
19592
19601
19617
19618
19631
19644
19666
19751
19755
19790
19794
19810
19846
19858
19871
19876
19887
19899
19914
19931
19934
19984
19998
20000
20019
20064
20080
20098
20103
20140
20148
20161
20172
20192
20200
20206
20238
20259
20355
20382
20419
20436
20442
20463
20470
20476
20495
20496
20511
20524
20526
20541
20558
20562
20565
20605
20644
20652
20656
20675
20697
20710
20723
20726
20764
20767
20770
20786
20802
20816
20818
20822
20881
20896
20945
21006
21012
21041
21043
21078
21081
21098
21099
21116
21121
21141
21153
21164
21166
21225
21296
21329
21363
21365
21383
21430
21446
21483
21499
21521
21522
21530
21542
21550
21560
21584
21585
21586
21603
21604
21653
21674
21698
21731
21748
21772
21795
21811
21824
21860
21872
21937
21985
22032
22041
22080
22083
22095
22105
22112
22117
22133
22139
22146
22148
22164
22174
22187
22199
22213
22263
22273
22285
22286
22287
22312
22315
22317
22393
22403
22476
22479
22509
22510
22532
22544
22559
22566
22569
22583
22624
22635
22650
22668
22676
22681
22717
22723
22743
22791
22807
22864
22906
22913
22914
22947
22959
22987
23022
23023
23048
23096
23098
23121
23127
23128
23130
23161
23178
23189
23231
23233
23249
23259
23261
23289
23303
23305
23339
23348
23366
23370
23392
23396
23406
23422
23435
23471
23486
23513
23534
23551
23593
23626
23629
23631
23636
23660
23744
23791
23804
23820
23826
23839
23844
23845
23854
23861
23923
23936
23940
23943
23944
23957
23973
23994
24008
24066
24084
24090
24095
24103
24118
24144
24165
24170
24222
24339
24439
24463
24466
24472
24489
24500
24569
24574
24576
24578
24603
24618
24629
24639
24646
24653
24654
24656
24670
24712
24739
24749
24774
24785
24800
24801
24802
24816
24819
24842
24852
24907
24914
24972
24998
25000
25007
25054
25066
25075
25084
25116
25118
25142
25145
25179
25195
25215
25216
25217
25237
25253
25260
25268
25269
25292
25293
25301
25310
25319
25327
25350
25381
25391
25417
25418
25420
25451
25456
25474
25478
25481
25500
25507
25513
25521
25555
25585
25589
25590
25599
25604
25712
25719
25738
25806
25813
25831
25889
25927
25942
25954
25966
25972
25990
26009
26020
26069
26095
26159
26163
26166
26170
26175
26178
26184
26204
26208
26224
26244
26263
26292
26297
26314
26329
26353
26361
26380
26397
26417
26435
26442
26484
26494
26532
26564
26579
26602
26606
26618
26623
26662
26699
26706
26707
26712
26803
26816
26821
26846
26900
26937
26960
26984
26993
27026
27034
27055
27057
27075
27088
27122
27123
27126
27166
27188
27235
27251
27261
27264
27303
27352
27391
27393
27402
27434
27474
27484
27510
27523
27561
27568
27583
27599
27691
27708
27718
27729
27752
27799
27809
27861
27868
27904
27907
27910
27932
27936
27962
27967
27972
28022
28058
28065
28180
28204
28205
28211
28218
28248
28272
28281
28285
28311
28363
28366
28378
28391
28414
28427
28458
28489
28503
28542
28573
28622
28632
28638
28659
28663
28688
28728
28732
28813
28821
28888
28890
28956
29003
29065
29092
29110
29123
29133
29173
29181
29208
29213
29221
29236
29250
29251
29280
29356
29410
29421
29424
29462
29473
29485
29512
29516
29524
29546
29551
29567
29636
29641
29656
29683
29694
29758
29770
29771
29783
29844
29845
29846
29881
29924
29936
29938
29966
29977
29978
29993
30023
30061
30078
30090
30096
30097
30100
30114
30134
30163
30200
30254
30263
30274
30289
30320
30335
30351
30365
30378
30435
30436
30449
30514
30593
30615
30625
30650
30682
30713
30731
30744
30758
30785
30802
30816
30840
30842
30848
30877
30889
30904
30924
30940
30979
30992
31000
31007
31088
31172
31178
31199
31238
31268
31272
31297
31304
31308
31318
31342
31362
31368
31387
31418
31493
31511
31536
31565
31573
31588
31590
31592
31600
31602
31638
31643
31648
31653
31654
31676
31689
31703
31708
31720
31728
31730
31767
31780
31785
31822
31874
31875
31877
32038
32044
32052
32060
32074
32077
32082
32119
32126
32150
32158
32210
32223
32271
32278
32290
32313
32371
32401
32423
32447
32451
32460
32511
32523
32529
32557
32558
32564
32593
32601
32602
32612
32620
32636
32661
32667
32689
32714
32718
32730
32788
32798
32819
32822
32879
32887
32889
32901
32904
32917
32923
32940
32946
32961
32964
32981
32991
32992
32995
33009
33015
33022
33024
33031
33033
33104
33123
33166
33175
33176
33195
33218
33248
33264
33267
33306
33318
33344
33363
33367
33370
33389
33391
33425
33439
33443
33447
33467
33468
33471
33496
33513
33516
33534
33536
33541
33561
33619
33635
33656
33686
33786
33794
33803
33806
33812
33815
33862
33907
33908
33920
33938
34007
34097
34098
34116
34129
34148
34166
34181
34188
34208
34225
34253
34259
34285
34296
34303
34306
34314
34329
34334
34335
34398
34419
34433
34476
34500
34503
34511
34536
34546
34573
34628
34644
34663
34673
34676
34705
34708
34760
34818
34831
34850
34895
34924
34932
34982
35029
35030
35068
35091
35113
35140
35153
35168
35169
35181
35237
35248
35252
35282
35287
35289
35324
35328
35349
35413
35418
35420
35433
35447
35449
35460
35477
35504
35578
35597
35602
35626
35637
35642
35645
35677
35698
35707
35745
35751
35755
35768
35774
35786
35792
35815
35831
35853
35877
35881
35962
36056
36057
36079
36086
36093
36100
36108
36138
36154
36156
36159
36188
36207
36208
36211
36225
36229
36249
36259
36263
36264
36294
36299
36342
36343
36346
36358
36391
36466
36467
36473
36517
36535
36558
36563
36571
36594
36621
36622
36712
36719
36724
36737
36748
36764
36778
36812
36814
36835
36846
36851
36852
36865
36882
36894
36897
36898
36900
36924
37015
37024
37051
37061
37068
37074
37105
37133
37144
37152
37188
37215
37222
37230
37264
37267
37297
37299
37339
37342
37390
37399
37402
37419
37429
37442
37455
37457
37458
37463
37469
37473
37493
37499
37504
37532
37570
37583
37604
37615
37633
37680
37684
37721
37723
37761
37779
37784
37802
37840
37841
37849
37851
37860
37864
37917
37919
37929
37973
37980
38011
38014
38020
38024
38043
38073
38080
38085
38131
38133
38162
38163
38216
38247
38254
38294
38305
38338
38341
38404
38409
38411
38463
38490
38492
38503
38506
38553
38554
38585
38603
38621
38624
38643
38685
38690
38697
38771
38793
38811
38812
38814
38848
38917
38945
38967
38971
38991
39005
39044
39048
39052
39071
39088
39094
39107
39108
39110
39159
39172
39193
39206
39228
39232
39291
39297
39344
39347
39364
39440
39467
39474
39489
39493
39495
39517
39532
39583
39600
39695
39723
39753
39756
39793
39810
39815
39856
39922
39932
39944
39959
39971
39979
39982
39986
40000
40008
40016
40045
40071
40080
40103
40131
40172
40201
40204
40212
40222
40253
40260
40297
40316
40343
40361
40380
40381
40382
40394
40400
40519
40547
40575
40577
40578
40583
40590
40630
40633
40640
40647
40650
40651
40687
40719
40726
40732
40812
40813
40815
40849
40868
40880
40895
40913
41002
41004
41023
41067
41083
41091
41126
41162
41180
41196
41205
41209
41225
41226
41228
41238
41267
41284
41303
41321
41333
41352
41363
41408
41409
41427
41428
41431
41437
41460
41478
41505
41527
41581
41611
41678
41689
41694
41700
41718
41733
41734
41764
41784
41841
41916
41940
41943
41959
41969
42041
42052
42060
42119
42132
42187
42221
42227
42235
42237
42239
42271
42276
42296
42317
42330
42357
42369
42379
42380
42405
42422
42430
42466
42528
42543
42548
42555
42572
42625
42627
42646
42683
42723
42730
42760
42841
42862
42876
42878
42915
42969
43008
43019
43037
43039
43046
43059
43097
43104
43110
43131
43133
43136
43146
43160
43181
43215
43219
43240
43259
43264
43301
43317
43342
43372
43377
43467
43528
43546
43560
43573
43584
43588
43595
43607
43620
43621
43625
43666
43686
43706
43724
43729
43749
43754
43763
43779
43794
43809
43821
43841
43843
43877
43907
43921
43954
44005
44018
44020
44033
44042
44059
44064
44067
44069
44070
44072
44136
44160
44198
44205
44217
44252
44264
44300
44321
44332
44336
44353
44358
44367
44373
44403
44464
44469
44474
44489
44491
44519
44535
44547
44566
44570
44587
44605
44622
44672
44684
44692
44702
44723
44734
44749
44805
44822
44850
44858
44873
44927
44968
44986
44997
45005
45036
45044
45202
45210
45216
45235
45292
45338
45365
45366
45367
45387
45436
45461
45475
45477
45517
45551
45586
45596
45597
45611
45662
45702
45711
45728
45740
45747
45751
45762
45779
45783
45820
45850
45853
45854
45855
45892
45916
45924
45946
46011
46027
46060
46177
46186
46194
46212
46252
46267
46327
46363
46364
46378
46412
46418
46430
46433
46445
46466
46484
46502
46516
46517
46558
46575
46596
46623
46632
46677
46717
46722
46730
46784
46822
46833
46844
46881
46930
46943
46944
46966
46978
47014
47027
47030
47032
47061
47093
47095
47145
47167
47176
47200
47205
47223
47259
47298
47300
47302
47345
47354
47451
47457
47465
47475
47489
47527
47533
47550
47566
47582
47590
47619
47633
47672
47730
47737
47744
47745
47746
47762
47771
47781
47792
47827
47840
47849
47850
47892
47904
47955
47962
47968
47981
48059
48123
48137
48153
48178
48193
48212
48219
48225
48245
48251
48252
48255
48262
48273
48281
48287
48311
48319
48337
48369
48373
48383
48404
48459
48467
48504
48510
48520
48536
48580
48595
48618
48629
48637
48648
48700
48748
48749
48774
48787
48800
48802
48809
48826
48828
48849
48857
48914
48933
48969
48990
49010
49036
49050
49065
49079
49101
49112
49174
49208
49223
49234
49245
49266
49272
49290
49293
49331
49396
49428
49435
49442
49444
49473
49503
49513
49520
49565
49573
49575
49586
49620
49630
49654
49662
49669
49718
49741
49747
49758
49794
49805
49843
49850
49871
49876
49880
49882
49883
49889
49898
49905
49906
49941
49947
49954
49982
50007
50046
50067
50130
50161
50181
50198
50202
50214
50216
50229
50256
50261
50293
50326
50342
50387
50425
50434
50437
50490
50540
50546
50572
50583
50614
50625
50632
50633
50648
50661
50675
50678
50685
50691
50715
50743
50776
50868
50898
50909
50939
50944
50953
50971
50985
51029
51045
51050
51054
51069
51076
51105
51188
51199
51211
51264
51266
51271
51272
51290
51302
51320
51350
51381
51412
51505
51513
51514
51532
51562
51608
51619
51659
51668
51669
51699
51732
51737
51744
51747
51794
51808
51814
51845
51856
51871
51885
51893
51897
52026
52054
52078
52098
52099
52120
52181
52199
52210
52216
52236
52250
52260
52290
52291
52328
52342
52387
52391
52394
52463
52467
52495
52509
52513
52523
52526
52547
52559
52574
52601
52625
52646
52676
52683
52692
52748
52770
52774
52807
52808
52812
52815
52837
52864
52898
52925
52946
52965
52969
52972
52976
52986
52999
53004
53033
53042
53052
53071
53072
53104
53132
53134
53143
53165
53197
53202
53240
53249
53278
53311
53323
53327
53346
53350
53352
53358
53363
53381
53402
53454
53463
53494
53539
53603
53605
53610
53619
53620
53629
53644
53665
53670
53681
53691
53745
53766
53790
53791
53808
53817
53821
53823
53837
53844
53865
53878
53887
53915
53931
54004
54014
54015
54034
54064
54086
54105
54133
54161
54205
54213
54233
54241
54259
54266
54277
54288
54303
54307
54313
54328
54337
54357
54386
54410
54412
54422
54428
54444
54546
54560
54582
54594
54625
54641
54645
54657
54658
54680
54783
54788
54798
54822
54876
54892
54910
54928
54953
54984
55029
55031
55037
55062
55118
55121
55129
55137
55195
55201
55230
55234
55242
55255
55281
55282
55291
55316
55344
55363
55371
55409
55414
55429
55440
55489
55528
55534
55535
55549
55556
55602
55654
55706
55729
55741
55749
55766
55775
55777
55780
55786
55835
55838
55843
55891
55898
55950
55954
55956
56000
56024
56031
56036
56046
56050
56052
56054
56067
56068
56077
56079
56090
56112
56124
56138
56141
56142
56160
56229
56230
56237
56247
56281
56299
56303
56304
56315
56319
56321
56346
56383
56387
56432
56441
56465
56491
56505
56522
56563
56568
56605
56618
56632
56634
56649
56671
56672
56682
56718
56724
56729
56733
56737
56749
56750
56842
56901
56904
56906
56927
56931
56952
57005
57013
57029
57031
57059
57062
57136
57144
57147
57149
57150
57159
57167
57203
57223
57238
57301
57309
57325
57326
57328
57354
57386
57401
57442
57461
57473
57525
57545
57564
57597
57623
57641
57672
57684
57730
57737
57774
57781
57787
57793
57794
57816
57824
57828
57834
57838
57880
57904
57915
57919
57970
57988
58009
58026
58060
58094
58130
58134
58142
58180
58191
58194
58226
58268
58365
58371
58445
58470
58473
58504
58506
58508
58513
58620
58638
58651
58661
58715
58719
58743
58759
58764
58775
58841
58875
58878
58884
58888
58890
58932
58944
58947
58952
58953
58956
59022
59034
59058
59064
59068
59098
59099
59101
59120
59129
59180
59218
59226
59231
59235
59250
59265
59275
59286
59325
59330
59332
59348
59362
59397
59400
59409
59465
59470
59472
59480
59484
59490
59509
59533
59536
59558
59569
59580
59590
59604
59615
59624
59641
59709
59711
59741
59757
59772
59777
59855
59863
59868
59906
59907
59908
59928
59954
59957
59981
59999
60033
60038
60099
60101
60110
60133
60137
60147
60189
60288
60295
60334
60373
60375
60377
60384
60387
60388
60406
60409
60412
60423
60460
60473
60487
60500
60513
60518
60560
60567
60590
60602
60613
60622
60654
60658
60678
60730
60733
60742
60796
60801
60838
60872
60880
60903
60911
60913
60926
60977
60982
60994
60997
60999
61007
61014
61062
61072
61145
61151
61163
61168
61175
61187
61193
61204
61206
61213
61217
61232
61244
61249
61250
61279
61299
61368
61370
61387
61443
61464
61480
61500
61521
61532
61550
61559
61565
61592
61602
61619
61644
61671
61683
61694
61717
61762
61765
61818
61842
61855
61876
61890
61893
61908
61949
61973
62010
62025
62032
62044
62053
62061
62066
62092
62094
62130
62133
62145
62176
62182
62211
62240
62245
62259
62264
62273
62292
62316
62318
62335
62356
62359
62364
62376
62379
62394
62399
62471
62526
62560
62573
62611
62620
62625
62641
62642
62643
62684
62688
62690
62706
62732
62738
62754
62755
62773
62782
62821
62822
62829
62832
62843
62879
62880
62881
62884
62888
62890
62892
62893
62950
62983
63098
63099
63107
63109
63120
63121
63126
63137
63140
63163
63188
63191
63232
63233
63261
63264
63293
63308
63326
63327
63350
63356
63384
63415
63421
63452
63487
63490
63614
63641
63649
63659
63667
63704
63707
63713
63771
63776
63785
63795
63808
63847
63876
63953
63960
63976
63982
64015
64025
64048
64161
64188
64217
64277
64328
64379
64428
64434
64442
64474
64477
64482
64486
64500
64503
64527
64531
64538
64571
64601
64607
64621
64638
64650
64662
64709
64722
64729
64769
64781
64810
64828
64839
64850
64872
64875
64914
64966
64980
65018
65021
65042
65046
65083
65095
65101
65111
65130
65142
65148
65150
65200
65212
65253
65260
65262
65272
65279
65312
65334
65367
65369
65391
65403
65412
65421
65423
65461
65465
65472
65479
65482
65527
65589
65609
65615
65631
65641
65657
65670
65723
65725
65743
65757
65761
65771
65774
65778
65822
65831
65848
65888
65902
65903
65904
65905
65907
65947
65954
65968
66007
66030
66032
66035
66040
66041
66061
66091
66155
66161
66162
66181
66192
66229
66243
66253
66254
66258
66261
66272
66281
66334
66341
66365
66370
66393
66409
66410
66442
66452
66511
66558
66570
66598
66683
66696
66701
66761
66765
66785
66815
66840
66847
66869
66905
66931
66943
66966
67025
67060
67062
67104
67106
67111
67120
67130
67142
67176
67182
67186
67194
67226
67227
67247
67302
67306
67317
67343
67354
67386
67387
67389
67398
67423
67430
67483
67484
67496
67497
67502
67511
67512
67563
67578
67617
67648
67658
67672
67703
67736
67759
67760
67762
67779
67792
67812
67814
67816
67819
67847
67872
67877
67894
67911
67921
67945
67953
67956
67961
68020
68034
68052
68053
68073
68088
68094
68140
68141
68147
68158
68191
68203
68204
68249
68261
68289
68292
68315
68318
68340
68343
68348
68358
68419
68433
68435
68443
68468
68496
68519
68529
68543
68548
68551
68573
68698
68700
68708
68753
68760
68762
68770
68791
68831
68861
68893
68901
68928
68932
68952
68974
69016
69025
69033
69071
69092
69098
69115
69117
69135
69157
69193
69206
69235
69259
69274
69283
69321
69392
69429
69432
69468
69486
69496
69516
69542
69548
69557
69594
69625
69657
69674
69695
69725
69755
69759
69763
69786
69791
69803
69818
69836
69868
69891
69897
69915
69922
69925
70000
70041
70050
70064
70066
70087
70088
70096
70097
70099
70104
70139
70145
70167
70189
70193
70236
70237
70238
70240
70253
70306
70334
70341
70355
70374
70420
70430
70439
70454
70472
70480
70504
70505
70537
70557
70598
70602
70623
70638
70659
70660
70693
70695
70713
70749
70773
70776
70781
70792
70793
70794
70823
70826
70871
70935
70945
70975
71058
71072
71082
71087
71096
71097
71110
71126
71131
71134
71155
71214
71233
71245
71252
71253
71296
71300
71317
71348
71350
71361
71363
71366
71378
71380
71418
71425
71461
71499
71550
71568
71583
71592
71689
71707
71711
71725
71731
71736
71762
71772
71797
71824
71837
71878
71924
71932
71958
71973
71997
72007
72063
72069
72074
72117
72135
72180
72186
72211
72212
72219
72242
72251
72252
72287
72316
72324
72371
72391
72402
72407
72409
72421
72427
72454
72460
72480
72482
72493
72544
72578
72606
72638
72663
72670
72673
72675
72694
72701
72711
72781
72794
72830
72839
72902
72911
72944
72951
72990
73004
73008
73010
73014
73081
73096
73101
73123
73149
73170
73171
73176
73181
73186
73282
73285
73318
73342
73359
73371
73400
73410
73420
73425
73439
73453
73476
73492
73505
73538
73541
73542
73544
73577
73592
73627
73667
73669
73717
73729
73731
73753
73787
73846
73851
73887
73890
73898
73925
73927
73937
73967
73969
73976
73990
73995
74002
74049
74050
74067
74105
74123
74125
74162
74191
74206
74209
74211
74214
74220
74241
74262
74282
74295
74297
74316
74340
74385
74392
74421
74428
74437
74456
74467
74494
74555
74562
74607
74627
74657
74715
74756
74798
74801
74803
74807
74809
74819
74845
74854
74860
74868
74887
74891
75000
75005
75038
75055
75082
75114
75131
75144
75231
75282
75284
75285
75310
75336
75347
75378
75405
75435
75448
75464
75526
75531
75535
75573
75577
75582
75607
75646
75655
75666
75695
75696
75698
75709
75741
75763
75777
75799
75817
75909
75959
75966
75994
76007
76019
76036
76059
76060
76066
76077
76120
76130
76158
76192
76204
76206
76209
76232
76257
76280
76298
76325
76337
76349
76358
76383
76398
76405
76442
76445
76498
76505
76512
76516
76552
76576
76581
76594
76613
76621
76625
76627
76684
76697
76700
76716
76721
76753
76765
76784
76837
76840
76858
76928
76934
76985
77028
77115
77145
77201
77205
77209
77210
77221
77228
77234
77237
77247
77251
77278
77290
77330
77361
77372
77387
77405
77409
77412
77450
77466
77484
77501
77512
77539
77565
77577
77658
77688
77693
77694
77707
77712
77762
77776
77779
77795
77819
77859
77883
77887
77895
77898
77904
77909
77915
77933
77956
77962
77966
77983
77991
78025
78030
78044
78077
78094
78113
78137
78154
78167
78277
78304
78320
78336
78344
78360
78418
78473
78482
78495
78530
78543
78572
78573
78622
78626
78643
78651
78656
78674
78693
78722
78723
78731
78747
78779
78791
78799
78802
78833
78843
78881
78906
78971
78977
78998
79067
79089
79099
79122
79133
79149
79156
79182
79206
79213
79237
79276
79293
79301
79315
79356
79387
79406
79410
79430
79438
79469
79498
79503
79505
79542
79594
79611
79678
79679
79717
79745
79755
79784
79807
79823
79837
79875
79886
79982
80015
80078
80124
80146
80169
80181
80187
80191
80201
80233
80312
80322
80329
80393
80461
80503
80547
80573
80575
80584
80598
80606
80608
80663
80668
80684
80751
80785
80793
80842
80845
80866
80868
80884
80889
80897
80964
80994
81003
81009
81080
81140
81144
81174
81257
81259
81277
81278
81325
81328
81362
81380
81396
81423
81424
81434
81441
81493
81505
81560
81579
81640
81649
81661
81682
81692
81711
81733
81740
81748
81768
81771
81784
81850
81854
81897
81904
81912
81922
81962
82017
82039
82049
82059
82077
82161
82171
82178
82204
82210
82252
82269
82282
82289
82305
82324
82326
82344
82345
82348
82395
82414
82421
82427
82446
82497
82520
82527
82547
82549
82555
82603
82604
82655
82667
82674
82686
82701
82707
82718
82719
82750
82754
82777
82810
82815
82823
82843
82850
82852
82867
82915
82990
83020
83033
83049
83076
83093
83105
83112
83139
83149
83170
83183
83209
83212
83222
83226
83244
83245
83260
83264
83275
83283
83316
83342
83356
83404
83448
83452
83486
83504
83514
83524
83578
83593
83636
83643
83694
83736
83760
83767
83773
83788
83789
83813
83822
83824
83864
83877
83903
83918
83975
83993
84027
84029
84033
84040
84047
84091
84092
84118
84131
84139
84159
84166
84170
84202
84207
84217
84219
84229
84241
84247
84250
84293
84310
84330
84355
84383
84426
84436
84447
84459
84463
84465
84476
84487
84543
84602
84604
84607
84609
84626
84683
84716
84719
84761
84790
84791
84838
84844
84849
84861
84888
84957
84968
84992
84999
85020
85033
85079
85087
85090
85108
85128
85130
85184
85209
85217
85250
85332
85333
85340
85347
85383
85393
85399
85417
85424
85455
85461
85478
85499
85504
85589
85639
85658
85686
85695
85697
85701
85716
85725
85734
85743
85864
85881
85929
85943
85947
85950
85963
86022
86024
86032
86070
86078
86079
86099
86100
86108
86113
86129
86168
86172
86192
86252
86257
86266
86301
86302
86355
86367
86375
86405
86414
86493
86528
86537
86598
86603
86619
86622
86623
86626
86643
86667
86671
86675
86709
86713
86719
86742
86744
86788
86790
86864
86909
86930
86969
86974
86981
86988
87021
87023
87037
87043
87044
87046
87053
87108
87128
87130
87141
87142
87177
87183
87205
87238
87248
87254
87279
87302
87304
87383
87398
87402
87408
87451
87474
87509
87526
87548
87552
87554
87555
87597
87617
87618
87689
87706
87727
87729
87732
87759
87780
87806
87861
87863
87875
87886
87892
87898
87918
87925
88005
88026
88038
88064
88075
88096
88101
88113
88214
88224
88225
88226
88250
88260
88290
88305
88350
88357
88362
88366
88386
88398
88406
88411
88420
88468
88473
88567
88580
88590
88633
88641
88663
88664
88665
88679
88713
88721
88724
88728
88757
88786
88791
88802
88839
88840
88877
88921
88933
88953
88959
88965
88985
89007
89054
89099
89103
89134
89140
89152
89177
89186
89187
89218
89227
89234
89264
89274
89298
89329
89362
89364
89409
89424
89475
89485
89498
89507
89533
89545
89551
89565
89574
89588
89589
89590
89599
89602
89619
89628
89647
89658
89663
89689
89695
89712
89726
89754
89757
89765
89766
89782
89787
89789
89802
89807
89819
89854
89899
89935
89941
89952
89966
90014
90017
90026
90029
90047
90051
90091
90123
90130
90131
90143
90151
90157
90164
90168
90200
90213
90222
90250
90289
90294
90310
90317
90329
90350
90367
90375
90381
90451
90452
90476
90498
90507
90534
90540
90556
90585
90590
90601
90623
90625
90680
90708
90732
90788
90791
90830
90882
90891
90897
90911
90992
90996
91021
91038
91043
91052
91113
91151
91162
91179
91189
91204
91217
91233
91251
91255
91259
91261
91279
91297
91315
91336
91338
91345
91351
91359
91411
91451
91478
91480
91514
91520
91522
91535
91543
91544
91623
91637
91644
91715
91731
91769
91793
91872
91876
91895
91915
91916
91934
91951
91958
91968
91975
91992
92045
92088
92094
92106
92136
92144
92152
92161
92174
92186
92219
92221
92251
92277
92279
92291
92388
92449
92477
92483
92499
92511
92517
92529
92553
92577
92587
92634
92636
92637
92735
92801
92821
92824
92825
92856
92920
92921
92939
92950
92956
92957
93014
93036
93048
93134
93172
93208
93247
93290
93305
93307
93315
93325
93328
93348
93419
93425
93454
93465
93484
93510
93554
93611
93684
93700
93724
93738
93752
93765
93799
93804
93808
93810
93831
93836
93868
93881
93895
93931
93954
93994
94043
94046
94057
94096
94099
94126
94158
94164
94176
94194
94198
94219
94236
94253
94275
94276
94281
94305
94369
94407
94414
94467
94522
94575
94594
94629
94637
94661
94669
94675
94681
94699
94703
94712
94768
94786
94831
94893
94947
94969
94986
95047
95074
95095
95169
95205
95218
95222
95235
95277
95279
95282
95322
95334
95379
95381
95393
95413
95414
95430
95431
95445
95450
95452
95498
95511
95517
95535
95575
95578
95601
95611
95697
95752
95766
95785
95803
95811
95833
95844
95865
95868
95873
95879
95889
95968
95971
95987
95998
96023
96064
96083
96138
96142
96157
96182
96185
96198
96205
96207
96247
96289
96366
96374
96388
96394
96420
96434
96459
96471
96483
96520
96521
96527
96563
96568
96621
96628
96662
96672
96700
96734
96740
96760
96806
96826
96849
96868
96875
96893
96898
96920
96954
96991
97034
97035
97093
97107
97126
97132
97145
97148
97154
97155
97200
97259
97266
97324
97334
97357
97363
97365
97374
97426
97461
97467
97483
97492
97507
97511
97518
97529
97580
97652
97673
97691
97708
97777
97791
97817
97936
97969
97972
97981
97986
97992
98020
98035
98128
98149
98194
98220
98222
98230
98236
98242
98244
98254
98256
98259
98335
98371
98396
98423
98430
98441
98446
98483
98513
98557
98570
98592
98611
98620
98643
98651
98657
98669
98692
98701
98704
98717
98726
98733
98742
98767
98788
98807
98839
98857
98871
98905
98910
98973
98985
99023
99048
99103
99119
99130
99162
99193
99226
99274
99325
99328
99331
99357
99359
99387
99423
99449
99466
99470
99484
99504
99526
99668
99682
99686
99737
99767
99799
99855
99873
99930
99950
99966
