78495
93134
86864
86192
84459
25954
37455
96459
54004
80884
13863
26846
29656
51054
89498
38643
78482
16661
714
92483
51513
71878
75741
65130
58470
74494
17478
20238
51350
34708
62259
52290
57326
5628
33264
73439
70236
96920
35578
26314
52574
57828
80663
37919
34007
79498
96138
65907
45477
4731
69763
5399
7974
89177
90029
58445
37499
42235
13350
48809
47737
35877
45044
90289
68901
53539
37402
84029
33812
16785
29421
77234
67386
65903
82667
61072
98570
12935
77409
31822
91916
2847
35786
62044
65253
20764
68358
72391
48383
19876
98973
79982
95452
95833
36259
18116
11665
87898
80684
79542
71087
77330
79745
10421
5797
71317
37532
35449
14469
76721
69818
12331
32271
64379
29133
70713
74206
82843
16696
89551
60913
38690
28728
11884
65260
42841
2415
34334
42227
59906
45762
8989
32119
74262
8484
44997
95578
20064
1268
50342
56046
94575
77688
1047
81257
97145
58268
22906
14043
96198
72402
14818
34705
77361
45436
84476
73753
84968
5801
22213
91338
74282
13610
14968
15433
16022
24339
8429
33306
44519
48914
60412
84790
19312
69836
52807
55766
28888
75573
44464
70189
37680
41718
43584
41784
19049
46363
13697
43342
53837
61890
35626
83636
72135
62211
22791
10011
58947
52495
20200
54412
21043
51814
39232
21116
63667
37051
95879
37723
51199
91038
75114
69891
97981
92277
9164
96621
22117
49272
35068
70253
69755
3607
59615
91279
96740
62066
8466
81850
18966
29092
91769
95803
96700
37297
51381
78077
59558
93804
26442
79503
12328
83260
32940
23189
80547
24095
87021
29524
88250
15970
5289
48404
58638
95601
44205
57149
25007
46833
54560
93611
14137
99359
9994
96628
74049
71797
74715
72606
69557
74392
76753
25391
35642
39982
58764
95844
64482
66511
14491
37015
23820
11453
58775
51050
25813
94467
22317
40813
97986
32661
41126
24819
88953
99966
16953
87552
14328
81897
75435
16552
88224
87177
5895
56906
70306
78344
85020
19228
984
66598
50181
89628
88113
84170
43620
11843
55195
12913
34303
49473
66761
13213
23127
56563
66815
37230
25972
15120
44986
53463
32981
85478
26816
12793
46596
52976
54645
97132
45596
51211
64607
13575
49079
67759
99737
39344
57684
27075
81259
44968
5883
77290
25555
71300
11089
36138
49947
70355
12216
81579
61
88357
33318
35597
90329
33425
4551
95811
94786
9477
54133
52391
13880
11285
78025
18506
72673
38945
13653
57787
73976
43621
66032
38014
93799
63982
11220
49223
54086
16094
25942
16725
88290
57031
48580
45924
88965
67953
25142
4268
2090
62643
17820
3326
95218
17634
56568
33175
97126
49871
88580
61387
22681
87044
73171
97035
22080
45292
42132
61550
12694
54410
1114
5465
88839
38553
52965
87892
33467
84047
84465
86078
47032
85697
91975
59397
70773
97492
47465
1940
78030
47550
38506
35751
66030
84092
53363
51744
72944
69321
81682
49805
64277
58371
91514
21653
65954
98839
27393
46327
56247
98335
77539
45783
85658
70975
84229
3265
36865
38024
64161
70439
96826
71072
62893
66041
67306
31877
70472
90791
25237
34573
14078
32052
68529
25456
71058
63098
3978
18680
91623
7309
51699
84602
14345
13941
82852
15699
86671
96662
84543
35831
36852
10578
79315
22509
52625
86643
44850
21383
48648
49575
32038
21141
6277
44672
76858
91451
57062
78418
69092
55489
48311
51188
38043
46430
63415
46844
56141
68893
77412
96374
23804
27936
7241
68348
98423
82823
80751
92529
38338
32819
36086
33619
5940
71134
15025
64810
89362
37463
84716
28211
52774
86266
92957
91637
59101
92956
54034
60033
60977
77956
37980
18163
67182
71155
73538
58719
99119
25474
45662
18807
56522
68158
73170
46623
11926
12710
18263
74297
28272
53350
87729
85332
2882
83226
71997
91021
60133
60518
3501
36712
37761
7656
11903
36208
9572
43546
89274
28503
74162
19984
54328
13073
63659
97972
72578
79089
69432
67106
98149
41180
71096
35768
3514
40519
12329
40071
60742
56230
14272
37188
67194
53605
10288
5049
8431
42543
46930
35420
81380
5773
64527
81505
74437
17049
35287
97518
4868
17516
37851
87875
35677
37917
26204
95575
88590
36778
99328
46364
79430
38917
42915
98236
8146
62010
27904
1450
63776
55234
23861
4413
15607
42466
2378
33656
38624
40732
9851
99855
6827
27967
38603
30713
16666
16735
46784
89364
4511
1804
25066
38585
64571
32158
37105
67703
33561
88665
2962
45338
42627
7953
30889
32523
67872
89589
15553
23629
68468
45235
53681
11672
26435
82345
66007
79823
25420
87205
91731
51264
52559
24103
55037
95535
71425
87806
95889
57988
45711
90026
85881
34314
2635
72454
12486
84487
96157
71252
8579
83877
89807
22583
49573
1815
123
64538
2973
59908
18027
60872
48153
5451
77221
30023
41225
4032
59981
8298
28391
61644
26397
38490
20463
16710
28366
4716
41267
87304
78747
4353
26292
9926
31297
72701
87046
42876
20526
7239
45854
55956
92950
27568
22287
47566
89695
7037
18085
72074
62376
56079
20080
72427
93425
21522
73453
69283
68831
25327
18549
13797
98733
68147
15541
90151
43560
70945
50198
32082
52770
88757
94681
946
77372
27055
72902
47981
50216
67911
78543
51069
86713
63785
52523
72371
70139
36835
52342
22635
2423
35698
79611
35792
87618
14008
86528
22476
67736
37267
10233
36467
77115
58026
11434
18667
40913
20818
25301
55534
78693
85963
46978
21521
86790
9323
35815
69468
25481
52837
9840
14715
41209
34419
54798
85864
5053
91351
76206
98557
49906
99048
51290
97374
50572
98767
77795
82427
48225
67430
5402
38085
45892
17652
34644
4116
28281
90540
19618
33496
11622
81362
54910
93048
73669
65479
35504
24576
71824
65723
62950
77658
34760
26960
13736
20558
59641
10665
80233
50944
16611
99484
96388
52509
8783
21550
73096
15828
58944
66785
59604
54928
9846
67227
12877
85087
16860
52986
98254
71110
15187
12188
9571
27561
5756
94629
12139
70145
29250
23366
13764
2659
23844
61217
2996
57774
54876
48252
23791
91336
9311
51505
73318
59868
41611
56000
21430
81144
41205
746
37061
72544
71707
42330
8745
56505
16216
98446
88791
91522
63233
39044
76120
70480
88386
17055
16898
60334
77278
1376
4616
54625
48826
2010
10406
44749
6291
34098
66840
7582
71958
70420
18841
55230
64872
31178
11617
8147
4640
33009
25000
15910
27235
59757
3118
54266
68141
43729
24801
64601
44605
61762
96734
32290
41764
93895
83020
37473
31653
87617
17694
3613
11160
18258
82549
87383
26175
77693
93752
24998
11748
83342
95322
86108
29462
85250
23486
6942
11703
30625
34181
10213
72421
67648
10378
43843
24574
27434
36225
16395
17609
46252
56024
4474
55741
63976
82017
30992
91876
47771
72663
80191
6515
8355
49876
90213
82850
54014
68700
46177
6550
16198
23471
61213
31785
11297
65461
86974
59957
3444
3119
65046
75405
76594
19931
81003
24439
51856
17404
50387
32620
33443
81912
43588
89726
21560
80146
59099
75347
50067
91113
93036
4147
99193
62684
62843
47354
82326
47027
65631
23944
10209
14601
64048
64980
20511
20896
78473
23121
45586
61175
61908
46267
88411
37570
90897
81692
96289
65615
13782
34500
98513
67398
33803
10468
57597
91411
20000
50985
74241
76130
56952
11423
54015
39756
86709
26484
34129
77779
85695
52120
36924
48504
89689
40103
85686
24472
68318
83822
19247
56383
39107
22717
73492
50229
63120
80393
44734
39532
56491
93247
90556
85128
91543
64474
28065
15730
59569
10150
52216
6343
18218
39489
60622
60110
6408
33195
27599
24466
15159
55201
19009
25521
7474
65369
44321
84118
90882
13856
40578
3813
93765
91259
86100
27691
77466
15118
62611
8565
86070
31272
6321
21530
47302
8997
54241
10449
31592
79133
26602
89234
63137
19182
6949
53072
45551
53603
97154
89754
74050
35091
82520
12859
54783
58142
15289
54546
67226
44570
2614
25831
82915
55528
68343
98692
21365
56090
10941
4444
44064
11065
62061
90350
23660
36621
90732
35413
62890
5019
27729
21811
62273
16997
65848
22146
96394
46632
49662
97461
84683
5714
1726
81740
86099
76337
55281
54582
71837
20495
89054
18175
27523
53004
10462
7905
4981
13294
45005
26244
7891
32223
1254
93454
73925
36294
44692
32879
79717
28638
44252
31268
41196
9163
14470
46717
57525
34476
44566
43467
3791
36894
63795
87398
54161
81711
71233
66161
39364
67512
22139
60409
73729
43104
65272
70050
48245
68191
68551
7305
33024
49331
59265
67111
45387
56346
62892
81904
59332
98910
81328
26380
42405
56050
43181
71082
94699
13500
81784
81733
9829
35153
43372
31536
67617
19283
65423
53358
9981
61521
22199
23370
36724
63384
85209
97107
56750
83283
85033
62773
95766
82701
70099
2573
5980
64486
49954
17264
25417
9596
84447
65042
67814
26606
67945
31304
75082
98985
65527
87474
61949
81771
34285
31318
95868
48212
96483
10693
38254
16221
68770
69922
99950
48749
61765
41678
30061
98244
17442
90623
60423
79156
13803
39193
20382
54428
56649
27166
60500
44873
29213
97969
74211
81423
9936
83264
12812
59348
83975
29924
71550
70749
74803
6726
61232
52260
7591
67389
75531
77694
34329
8517
62738
97529
96520
33267
19447
47968
52864
60654
93808
88101
80868
60730
32210
29551
39815
7209
76498
15455
75310
3594
74756
20816
93831
83316
67317
10897
72407
50953
54233
25319
61592
67847
1736
75695
22569
5175
28285
78791
87509
56315
42430
24712
91189
69657
58651
5633
78802
25719
77991
6014
5020
39695
89766
59325
19022
55316
3617
62881
59536
47744
77209
29978
71568
47259
18908
15938
90131
84999
75817
43133
97426
89952
34831
30848
89647
52098
57880
48520
53402
62032
12006
20767
49941
70240
16865
66931
61717
57238
53817
236
48629
69915
67062
37264
28205
32889
6441
51737
38463
7993
25738
70598
88468
53042
70237
82604
24165
34335
20019
15609
97334
43754
30744
15501
47962
88026
43046
25418
54337
67484
87408
19044
22263
37802
55891
25217
70776
98726
22544
84040
30840
15405
66943
34225
60384
17733
32887
5692
50715
74607
39467
14955
51668
99767
21225
88214
17663
91204
2666
42041
29410
67762
44535
93325
69791
57730
57919
10884
18644
48969
5842
61145
62176
73990
80785
88633
53619
88420
30436
27718
59907
7024
66192
15934
33534
5932
52099
19871
15422
99103
36391
9450
79410
27303
89329
70096
52683
44805
59777
74467
66696
78622
55121
48123
83212
77237
36851
6724
89485
14315
30100
92824
4289
76349
49245
11853
53033
70793
93994
93554
62364
52972
87548
94236
47145
93684
4990
88921
79679
63487
10763
694
10353
12873
37973
70341
18499
25215
84849
63121
4312
90708
11867
15495
15835
84247
20172
57223
75284
29936
46484
48510
73717
47762
95987
68708
16783
6123
39474
60903
74067
60658
19541
34536
34116
52808
5926
26662
3536
95379
27251
56901
59330
70334
80503
19179
77405
37390
8684
55843
77966
73008
24802
15646
7463
84202
8975
44198
88064
20470
42555
67760
80994
30514
29516
64638
95235
83452
56724
73898
9428
67142
92219
16204
46558
59863
45820
63163
33031
53670
48219
96849
36264
26224
30078
36229
20770
871
2286
72830
37615
39172
46212
29993
66410
50583
29003
60982
53327
39048
35289
92825
19887
13860
63953
48178
69098
29280
86301
90476
98020
22133
17847
8400
28813
44469
16891
41943
2136
50130
24800
6565
85461
60038
11751
73927
6162
86375
97148
67354
69025
35707
32313
19617
87918
66272
1628
71583
44358
10725
94986
22105
80793
42237
5164
1625
84844
58130
19592
75959
35169
138
22403
60295
36846
81174
939
21584
70430
13376
9654
84207
16053
70659
88713
83356
90250
90452
96954
62145
55429
63421
35349
39297
19221
33447
30134
99873
4011
69193
44403
26020
8135
28204
48774
6760
67812
57059
76627
5141
69115
42052
22532
34503
63326
19576
65018
92801
62264
71366
38793
25268
79469
30816
10110
5467
25179
35755
49503
48748
7104
79237
97155
77251
17119
48251
10259
17653
91151
79206
1828
37339
76209
44622
27126
52394
9876
49741
44373
30320
73149
63490
68698
30940
21153
5757
68249
24603
3049
62829
74887
43809
10401
66683
91297
50898
76837
53644
76280
53823
43039
39088
88075
73400
63188
92174
41303
80598
74340
45611
59855
45751
59928
4045
44136
73627
90294
60137
23023
55786
20605
36211
98807
40812
70602
33123
62053
20726
15228
4017
37133
56718
9600
30378
88038
75577
44070
97777
28663
26494
80584
14361
92279
40316
48273
48800
20103
69392
6753
65312
10990
67894
75282
9783
68203
23161
13905
2765
22095
82719
2898
85393
90317
82344
22164
11310
70693
46822
66442
88305
78044
81748
37458
9141
71378
31342
43595
90047
50261
63771
25292
56931
24578
55029
74868
56319
32150
22987
57354
29208
25216
67511
76060
44927
7396
25381
9718
60880
382
45597
73505
842
36358
34208
12459
44367
99423
21824
43160
98592
93881
21772
64328
11282
87142
77712
96893
17259
90911
31362
23534
26184
76700
52078
91052
88728
89757
14437
12583
125
48828
29356
81009
23973
1092
55031
30163
31199
32044
11356
82204
16067
19474
70823
43763
27510
51412
37152
43724
47176
81424
12856
86988
58134
41959
60373
30731
65212
61187
98259
73004
52026
74657
26707
54105
59509
72251
94637
8691
12193
14690
38811
32917
70064
98441
41091
54641
57144
56303
84838
92637
31000
95697
4381
95277
72242
94253
91934
89152
60473
78643
25990
60997
71711
31600
90625
3201
34895
19601
78843
56632
43841
12277
99387
77028
86079
79213
85455
70066
47745
66365
62782
31590
11833
91915
48787
68140
52999
52387
56138
98220
81649
55363
58875
12369
32371
12155
59180
77962
75535
33862
8361
68519
20652
72460
60288
41002
69594
26297
77776
53052
4049
98483
92511
79875
36563
72839
8158
92735
65968
99162
5636
17426
45367
65725
74316
75698
60377
30904
43573
40045
35030
73123
55835
75336
64503
4772
22668
90451
44474
63847
77933
57641
63140
23626
67792
156
4821
70041
646
12847
91359
18360
68094
27484
97259
84761
70623
57838
65482
73
75777
35252
64442
56387
63713
66905
8854
40633
66258
4069
66261
9295
36737
88005
64428
91043
63107
23994
51532
87780
57136
4060
35029
57013
10981
39517
66229
61206
55729
77859
65279
88398
89819
67186
94893
79293
30877
28489
21585
90788
5882
35328
30435
50490
10114
97483
31767
95222
22393
83112
93305
90168
72212
96898
14751
36249
58191
57309
64769
32126
77484
89658
63261
20476
5131
61876
95498
84719
9297
33176
65822
82754
39052
53454
61671
31368
7853
20822
57167
47840
86355
93510
66558
88877
19511
71361
27402
40394
30842
89941
16017
77205
9445
90091
65902
39291
33015
22947
34628
36473
8850
33908
83244
13460
57793
89787
82810
86414
19008
31728
50326
59999
81325
88840
16850
91872
21296
55414
59400
66243
47590
35853
25260
21985
62620
19336
16905
10470
86603
54680
83514
52815
94594
7406
85947
90381
87141
36343
73995
68204
7799
95450
30090
22286
9294
47451
41969
39583
26159
85347
85639
1558
50202
63099
43131
62245
68762
29512
11951
20644
12044
54788
14730
96064
60911
43686
26163
80889
16858
47093
87248
38554
68753
31511
16301
50293
88802
35637
71350
50546
17890
17723
48990
59120
5948
73890
63126
21603
59286
4270
36263
21099
86675
90534
49050
55062
90164
51271
47298
27088
41700
83593
46466
32447
15411
14855
62394
22479
49718
28542
35248
36882
60838
53346
10426
17570
47095
51669
7919
81493
67130
7002
69016
18719
80606
59409
24066
59275
61973
60487
56605
33218
71772
29181
58952
94669
29966
62690
33541
40222
72694
70000
70454
88225
88350
9470
96521
28248
17735
2339
92587
3637
99466
3094
73186
84463
74123
49112
56842
14118
34546
22112
59231
4428
91951
33439
1922
75144
16644
61249
73410
40687
86172
73787
72493
46027
83903
48287
3128
64531
84957
31238
55549
25590
57473
41694
89712
68548
64729
65142
21006
16577
86969
33938
35774
76007
21329
75582
45747
47489
31780
17316
86788
70638
12827
20161
79784
44702
14767
69235
19026
55129
68053
42730
34433
68340
74209
56067
86
39159
58060
51659
53931
86024
93172
21121
19042
43219
68315
44684
10642
36154
27752
48595
24639
42119
32798
92553
15721
6159
84992
39810
12267
36719
36207
47619
85108
40381
12298
48467
84131
13123
49883
84383
35168
70505
61163
48637
78304
98242
11372
97363
13470
62880
32511
58506
52547
63109
44489
14316
40590
71214
40880
51266
28573
83694
28378
18256
14321
15689
77883
76934
56068
31565
82555
94703
27057
19899
73014
97708
65412
88663
87023
72675
44217
74819
93419
58094
44160
7397
68052
93014
57328
24629
86129
3807
15769
57970
27261
61244
22174
50743
65465
75709
27809
40380
91162
83105
91958
93348
95074
26706
9734
44072
41527
3944
38409
67423
60189
89574
24907
1729
45916
90130
40008
60926
4852
79594
17046
52692
11197
20562
813
42276
93307
53249
5028
52925
84609
55898
67387
77895
16660
23289
94369
1018
53132
82348
61368
13773
72180
84861
93290
23551
38492
37068
24774
55777
510
89186
13760
16502
55409
1831
37399
84139
70660
74125
62879
27264
93208
74421
99325
15924
25293
26166
13703
28058
23233
26178
13308
17508
34259
53790
25500
65774
72007
58009
40201
66452
73176
43666
78906
19128
76298
54892
16957
61565
61443
71380
61279
96205
47205
50633
78094
38216
78998
8405
45366
30335
66091
96207
15963
23406
48262
26993
79122
86113
59484
46433
82171
47061
16159
42683
38073
69868
75799
39110
68433
95971
80187
91992
56465
88679
58884
20140
69674
58180
22285
12162
37457
85417
60513
79438
14072
6659
23593
91715
34097
72794
43215
68073
87863
72117
24008
27352
54657
84033
20802
25350
59624
59250
28458
14497
56618
83643
50678
97266
32714
92136
20945
74627
71461
96563
25604
47892
90590
61370
99526
84166
28659
2287
72951
50425
30650
96672
50691
43037
98669
23128
18149
93738
42646
65888
44353
9359
18898
3385
94712
97200
66847
5824
5946
3745
39495
47345
31703
16448
48536
77909
13980
68419
49290
26329
32964
9990
21041
18729
62832
84091
51320
23231
98371
96182
62316
93810
60375
67343
45036
59772
77819
98222
87302
13865
84159
2920
42528
13104
55775
48281
23096
36346
52210
1657
43877
14755
81441
55749
52199
78731
21674
16511
96760
75994
88226
19348
39856
46412
71592
46722
50661
4732
28363
43625
68261
44587
14121
6948
4746
55780
61151
83578
15705
36571
86022
49565
18213
43301
10604
7611
44005
95334
72287
74214
34166
29938
33536
90498
3976
75909
22041
12786
87254
50909
66393
89424
39206
89475
19215
5976
8231
40131
62560
36100
76512
80078
79099
99130
32558
89966
66409
60796
6662
31602
67483
85130
56142
37342
33635
20496
43907
55556
74891
40640
78723
94043
4295
42379
38503
46516
95511
63350
50007
62642
25195
97673
62335
45216
25269
31676
89619
80015
35460
12701
8175
531
24222
61014
50256
6278
73544
53865
46966
89899
8371
86302
43146
94158
85743
56729
44300
15509
31875
79301
57461
82289
95413
873
14094
23249
24084
26069
33794
51045
95968
28732
41067
53202
56052
35324
30979
98611
15958
56112
24170
65743
57442
92821
42369
53197
94522
18869
14485
45210
36057
90996
76505
30593
94276
22864
83139
29771
3938
63707
9296
51732
36466
49794
18897
23178
7383
92577
33344
9513
65609
466
437
88406
49174
98194
51272
83093
72324
41916
32278
5132
52526
23339
47827
57005
27123
80312
80668
91520
24749
25927
35962
62025
79678
49982
30254
74809
51562
91968
77501
58890
57564
30200
24653
33367
85340
92939
43136
62755
10898
73285
74854
17629
43954
27910
77201
97093
14055
10176
83049
59470
88959
65150
60994
89854
88567
43528
99331
61559
52676
34511
82421
55950
99668
2431
63649
2946
89187
21446
78977
76625
26623
26937
70088
6857
45946
98701
17993
12438
94046
83824
18002
73851
24785
75000
12511
43794
33786
39347
86667
47014
87238
61007
59590
97580
34253
67104
86493
50214
39979
93836
22510
32991
73592
61500
3310
49620
57401
81661
28821
51845
65101
45365
4018
859
13733
68543
2074
32060
91261
87108
17933
1899
19230
16871
2926
24569
81560
84293
2546
62641
38020
28427
87053
36814
1316
89599
13301
69725
69486
99686
46881
55291
24739
56031
77915
23261
83524
33920
29173
19271
88664
87732
36900
33022
9570
86598
26712
40577
25075
62379
66765
18143
75763
303
4332
47730
12037
55242
39108
14061
59741
76158
76985
84241
44264
27391
63293
83993
40400
90310
14516
16516
21860
3386
91535
78277
22723
97511
80124
72219
58473
88260
54205
28311
90222
15713
83076
46194
32451
38162
36299
3959
52513
39922
35433
8901
9389
21872
13420
89590
66061
36079
48369
24118
94126
77210
85090
94099
52898
37583
84626
65111
58194
15669
90367
1318
85399
83504
32689
97652
69206
58715
58365
86257
59490
32601
24914
71932
16750
67816
15739
52946
92499
92144
54213
69071
85333
95998
90017
9782
2862
36056
96806
25116
98035
62092
39944
23957
28632
37504
41321
37841
83170
84310
31638
65421
76445
28956
48373
85943
18513
55282
74385
27861
15456
52463
61855
903
40630
13529
89802
67060
89264
82395
32788
26821
62399
83209
30263
96434
69695
99682
99023
41427
97357
4144
15800
34818
41428
57147
74801
9140
65148
59022
91251
66966
39932
79837
70695
60801
63232
82655
44822
13459
28022
40382
90157
95430
8977
69625
89134
70557
65367
62688
18297
61464
81396
51897
36517
4922
80322
48337
25145
77247
52467
70097
59129
19858
42187
61299
24842
80201
47781
66181
46418
10200
16985
88362
47955
69429
5979
11348
12060
66570
47200
85929
68573
81962
36342
97936
14455
15638
58932
44491
48459
33815
79276
4880
59034
82414
67120
67496
75655
68952
33907
1163
65778
84027
98396
37215
49889
49435
52181
36764
15514
42723
827
62821
61062
20710
53165
50971
12514
52291
93724
26532
13290
81768
62754
68932
78833
32077
91544
8438
62706
11202
41437
16091
43377
86032
35447
91179
80575
2827
64781
36558
35602
48319
5303
80608
70794
3204
22913
41228
74220
2401
35477
43097
22743
75696
86537
77228
96083
88366
70871
94947
40583
48700
93868
8406
2852
38247
14632
76621
13517
50685
99470
16833
19586
51619
85725
32718
51893
79182
33389
78881
13319
49898
7883
47300
14520
73846
27972
32593
9531
37840
9041
29236
80964
36594
80181
31874
4999
17446
68928
73577
28180
53691
53821
43821
59064
74456
31172
75646
18730
76697
44723
18317
21937
31643
9721
94661
2891
96142
64217
46378
40297
8151
59068
44033
26208
4426
95431
51747
54064
38341
50437
5251
8513
25712
74295
85716
28890
12571
64500
56036
32992
922
34850
56671
60567
89218
42239
13139
47792
56634
60147
48193
76442
40647
53745
11346
36898
33516
65472
19794
37684
25084
21748
82603
95381
10594
87526
3685
85383
28414
23940
20098
93700
12346
72990
23636
88933
92856
54822
29977
60733
29846
94969
87037
56304
64875
10339
1350
8510
80845
87886
56682
23923
39986
38971
43706
25451
13007
3433
20881
6543
31730
30924
5388
2654
92251
49208
33248
53240
35282
16311
24816
71348
52250
95047
16803
95279
17447
24463
24500
51808
67672
74191
59465
96991
79755
34398
26579
3218
49065
83813
73542
31007
41333
53665
39228
68034
93315
37864
96875
43921
33391
85734
96527
13096
49428
85950
98717
16813
12721
72063
42271
17859
3974
73937
64722
12035
78971
2800
30758
97791
3952
82049
49520
12358
20656
67247
67497
4846
39071
42221
44069
34932
58841
23422
72211
89663
98620
6409
89140
25054
62888
41460
87597
90601
30682
11397
4555
45461
46011
92221
41409
46502
29473
11485
87043
78626
23259
45853
15379
10009
4164
35645
10934
84217
73342
75966
64650
71131
32667
80461
67563
79886
21483
6290
86367
21542
56124
53808
10316
46677
16491
25507
48137
64839
22187
6763
85184
6841
53629
46943
23513
82324
76358
62133
17985
41733
22559
51885
92106
64850
89533
71126
30785
47457
31689
54658
31720
29845
23744
78656
13748
86744
61193
6143
87925
66341
67956
82547
56229
25599
27868
57029
51871
86619
90992
78573
49266
37442
40343
52601
97467
41689
32612
90891
73967
79387
72911
592
67877
69897
92921
24852
41841
59711
56237
41083
13698
14211
23022
84888
64025
66254
89602
55255
3763
40575
80842
49234
3391
82867
64188
53323
9804
39440
65391
20442
34924
5846
6243
5518
87759
55706
45202
99357
17059
97817
71973
16791
3416
6902
10157
43059
1122
87555
48933
4513
87128
56737
81080
83767
76716
50625
72711
31654
29110
22148
1979
53494
40080
30097
85504
27034
86719
36897
24656
18770
7888
38163
33033
37633
48255
6775
79505
61818
5862
67961
78530
95611
70504
3946
12606
73010
32901
29567
99799
79807
17533
93931
41505
42862
32822
30365
67779
86168
30802
14295
6176
8540
83736
43259
2755
9050
10437
24618
98905
13356
10899
23348
40547
30449
13256
9156
37222
75231
59226
20565
15793
3340
75131
30114
73371
63356
46060
61250
76784
65334
19241
23048
29783
55344
93484
19914
85589
94414
3656
27932
9275
92088
93465
50939
70193
53887
32923
61168
99930
16701
27026
22914
34296
29683
37024
47582
10680
27474
19998
12779
62292
59709
82990
90680
90123
69516
21604
20192
17756
68292
84791
42296
49669
20541
84436
81640
77565
73969
44067
53104
11076
50648
72480
74860
43240
3147
78779
70087
55654
27188
3630
62526
38771
82282
58878
42625
69157
84355
72252
87183
89545
19631
2620
8580
20206
74562
79406
643
67578
7740
46730
37419
81278
25889
47475
54259
4196
95393
70826
27583
54422
26417
3114
47672
64015
3192
40212
50046
15157
82269
99449
91255
190
63960
26009
3089
68443
96366
31573
37299
60388
25513
52646
59580
15923
47849
25118
23826
33104
11464
42760
76059
58620
40849
3412
82039
44018
32961
2812
65757
98430
84607
83788
77512
12065
51608
93328
83773
37074
65403
77983
78137
54386
4243
89507
95205
64914
29546
9376
29694
62240
51514
37144
50868
20436
72069
92477
29641
75055
66701
90375
52328
92449
175
78336
53878
54313
99226
49586
31588
77577
22650
55954
91644
54444
9526
43749
81854
56904
3331
11824
24489
8995
54357
56321
3056
41734
33806
23303
45728
10196
72638
49630
90200
8421
59472
37860
76576
42357
40650
82707
42548
36093
77707
32529
96023
40868
90585
47850
77145
19755
65831
43264
18562
34663
15
18998
72781
49293
22624
15416
66869
54303
71924
9521
29424
83760
54307
60590
75526
20697
89409
16886
38294
12682
46944
7203
60999
82750
4789
40204
44336
78320
59218
19058
39723
3460
8522
88721
86623
91480
57159
75448
32602
34673
49882
4908
20723
72670
27122
49758
27708
88641
57737
57150
73476
76516
91233
76204
12028
32074
26170
51029
70537
7759
49747
41478
18949
89103
62573
92920
29636
29758
17641
17896
73887
1672
83183
48849
57301
33513
43317
73541
72482
21098
87554
55118
41352
35237
30351
32636
45517
58661
24654
98657
15251
76405
49010
39600
26263
89007
29123
36622
18803
18412
18211
6553
37849
61893
8269
70374
60099
23936
36159
47167
53844
5640
34676
38697
13716
14766
70167
76192
21698
26618
98
1201
73731
7519
32564
59362
12394
29485
63614
12818
83448
23631
79149
89588
90014
56672
40719
15969
33363
50675
34148
12894
69925
77450
22315
83486
1139
11493
86626
61602
36188
35113
48802
38991
50632
64966
91345
22566
55535
7101
41940
39493
33370
68020
71762
76232
70935
62625
47030
63876
16290
82815
42422
18994
79067
82527
23130
82161
8179
49850
68088
74798
40000
81277
12182
76325
99504
83404
65947
577
6836
50540
82686
78360
67176
47223
47633
90051
84604
24144
6644
98788
5104
8396
98871
62318
90830
89565
29065
38080
81140
51794
92636
78167
92186
83222
94281
34188
89227
85424
7118
43008
88473
53915
8418
68496
69786
6285
88096
73282
69496
84330
23854
58953
73081
88985
25310
44332
77904
95785
39094
38411
71245
18488
14860
4694
19555
41226
59533
72316
20355
22083
60613
55137
47533
30096
94675
12889
29251
84219
13511
21166
95873
76928
70781
11031
61619
57203
7058
26900
87451
28622
64709
73420
78799
49444
69033
40726
37929
39753
20419
36156
32423
64434
21363
1420
85079
91895
80897
57325
76613
22676
94057
4398
85217
44020
69548
13176
63191
87727
26984
95445
94096
38404
66035
57672
76398
98857
57834
56733
4486
40172
43607
6945
38685
80573
1958
66155
30289
23305
59058
44547
8790
71097
52812
74428
74845
84426
95752
31708
31088
7330
20148
10615
94831
19666
57386
72186
60560
10180
71731
65761
6623
83245
9945
73667
92152
83864
54984
74555
42878
8818
50776
98230
34306
71253
38131
53134
23943
49905
82305
73101
21164
60678
88786
56441
76581
41162
46517
97691
56432
58504
46445
50161
12795
61204
67819
44059
56077
75038
29844
30615
42380
19246
49442
33471
40895
68861
31418
63641
6341
62983
16926
70792
6468
56299
95282
9332
42969
65670
3162
69542
80329
6108
82674
33686
11647
65657
62359
95865
56281
22807
25806
13351
14384
15452
20524
27962
9989
26361
38967
52054
41581
60602
53352
25478
17233
3368
59235
78651
31493
64477
78113
65083
18245
43779
29770
23435
92517
15391
94768
65904
35881
42572
62732
65771
97992
98704
67502
18017
51302
46186
90143
98742
43110
95517
58513
66040
21078
41023
82077
76765
36535
17764
11256
69803
92094
71725
86930
67302
50434
37784
65200
80866
5266
82178
40260
45855
98651
59098
76257
89935
94407
76383
9799
49654
86405
3096
63327
73181
1830
87689
50614
3251
53610
71736
35140
62471
46575
27799
96185
15530
5206
74807
53620
11351
3277
44042
2598
36812
19644
2211
19790
19216
4790
88724
83149
1096
41363
40651
60460
14619
6573
11470
69117
67025
47746
77887
76684
3485
87861
68791
41408
9710
55371
81922
95095
29221
8797
44858
5943
5755
92045
60101
24090
38848
1845
91217
8077
16554
11901
69259
79356
21795
89099
68974
18569
6247
30274
26095
38812
98643
25589
86252
95169
4934
17292
24646
76066
45779
56749
53278
87130
57904
41284
63808
57816
20259
52236
11626
60406
63308
15272
86981
76019
82210
57545
71499
76552
1488
58888
94194
56160
37493
32460
75464
45740
21081
54288
85701
62822
24972
89789
9549
40016
66370
66253
94164
68289
67658
76036
87706
37604
71418
17057
16447
94305
41238
58759
49396
11415
55838
48857
66334
58508
2298
93954
1042
57623
19846
45850
61694
15852
78572
86909
82059
13538
78674
16272
48618
40815
39959
69274
66281
90507
3015
12059
92161
10396
7392
17850
94275
18407
82252
70104
95414
23845
31648
57915
38814
67921
97365
71689
43019
82497
28688
89298
91478
97034
16114
32557
53071
65262
53381
76840
31308
98128
78154
61532
94198
57794
4151
77898
22959
83033
19810
36748
38305
22273
62130
41431
80169
37721
20786
86622
6805
6604
62094
26803
82777
8001
59954
60387
15627
75607
63704
25253
91793
38133
3224
78722
47527
47904
96868
41004
62356
75285
641
82718
24670
38621
86742
25585
56927
65641
52748
16658
19934
92388
2109
5285
15335
76077
74105
32401
97507
71363
32946
53311
98256
77762
69135
5339
29881
37429
63452
89765
53143
97324
64621
55602
4644
12896
21731
49101
19751
57824
18069
58743
15204
75005
56054
53791
35745
58956
83789
82446
7985
26564
61480
32730
20675
83918
4393
23396
72409
61683
35181
15979
34982
16848
77387
65095
28218
37469
66162
42317
800
54594
39005
75666
96247
8464
35418
40253
81434
65021
3857
40361
284
23392
12218
37779
99274
51076
68760
33468
23839
61842
49880
32995
55440
18450
84250
32904
96420
49513
89782
17128
53766
22312
69759
42060
14096
21012
10987
791
70238
68435
39793
83275
54277
3356
45702
96568
26699
65589
49036
87279
62884
18524
52969
21586
16189
26353
57781
64662
64828
63264
62182
87402
21499
45475
94219
5435
31387
22032
19163
54953
38011
27907
73359
73425
48059
94176
13705
71296
85499
9192
58226
23098
92634
65905
36108
92291
49843
75378
39971
59480
33166
74002
91315
96471
51105
25966
