13021
36696
98746
84568
81553
6770
47461
15440
39625
13075
74753
68317
44402
48052
40091
82018
47309
62851
5165
890
-29844
81938
89067
72114
86225
25199
15785
2714
91799
41375
8436
43488
80144
63603
32124
70872
97281
59612
9515
-35642
14112
63056
95720
82836
65050
29599
65665
-25990
21815
56581
91752
82893
61759
49557
19257
1317
59210
64273
5592
99929
54985
98913
55022
-19221
41135
8405
84398
-8989
87683
75375
-73453
84316
11519
69424
58802
97451
-16022
94183
25448
48721
31267
17385
58454
33819
39352
11463
58981
39143
99538
-9332
88979
76682
99949
99904
29363
38892
20163
76573
1165
21083
70634
42503
90382
5507
65452
43397
73313
36553
71218
43978
64689
79506
13671
68896
42259
26372
81800
20121
39937
5733
86491
64922
78052
82636
28494
4911
31221
7685
91067
96514
65371
92366
61286
-13736
51105
53289
98339
16532
61273
74043
7208
41396
86734
93601
87245
57041
32130
80666
60042
35075
53932
46794
92071
49515
-3310
13966
54701
76383
64802
90326
67998
88641
14597
98268
53860
13383
39618
36037
71597
63419
4122
51455
78617
91471
97863
26677
69415
42779
1744
72770
71197
99279
12658
42863
36063
84960
10815
60527
63432
96326
40671
92970
25190
11630
56107
97542
-47302
83561
36015
67567
47161
-95222
20479
89074
-49718
63909
6625
88750
44099
54634
91761
88578
70100
57306
-15835
64560
27259
17907
85366
26320
-44997
68601
98892
83898
30176
93002
92963
52012
7015
61413
3332
96760
39901
62301
64362
20970
80933
67400
953
91692
39944
19557
27597
22016
14549
99791
83749
47707
85770
47238
46675
41150
45826
-68261
99632
50433
3094
27982
40176
75378
29652
38453
6263
52516
3165
79308
64141
77975
72018
96748
16404
12703
46933
32079
-51737
-41940
42711
34505
50678
47750
14590
31915
33757
79134
54752
93708
88648
48329
34915
78626
34430
90769
87557
22711
37385
69994
23384
57614
45068
14943
44515
63898
4261
38498
11252
76426
39946
65349
737
10373
17316
83279
83422
1645
96459
60738
51806
-71736
85982
96882
70205
7619
29956
53445
76366
4938
85801
8406
13692
63119
90134
29342
95843
34170
68948
54342
47654
72043
58247
6340
75184
-71317
70851
58117
5331
60627
-64025
55124
12776
24152
25696
68825
99824
72477
65363
74392
7122
46843
50280
31452
-73492
6708
36175
16731
7465
74418
29272
-58878
82173
36448
16358
102
67085
6694
85869
61044
74183
8083
86338
88601
34765
80426
84478
67706
24075
26037
34377
9532
81676
61895
84041
94132
81794
-5020
68250
62085
23383
26297
84773
63794
58833
20594
1897
72493
67339
33789
9782
97853
20041
-65670
79357
86917
65613
66414
47162
55815
14166
7792
54658
30087
23090
99984
27427
25149
92179
10233
51344
44193
2829
68470
77089
52786
2553
68577
94435
50361
53462
91775
1959
97369
8738
38455
24778
34395
34589
67912
88216
-19216
32143
61782
28189
72943
38421
-78304
80375
48178
30648
28777
23205
62300
11371
15768
96103
53921
43503
26438
59293
43493
37273
35634
38865
23435
32717
18745
3433
5119
90338
42938
597
46304
80456
61575
74213
44475
40911
37596
65597
96258
-35418
83997
31522
37942
18934
96782
2324
54475
26675
1680
20461
74618
65152
55807
73083
51295
92819
20792
63510
39687
43156
74579
98159
82653
65231
15644
32963
87489
16924
10790
40179
52936
11869
91321
20681
-42528
93681
24650
46187
34459
69500
99267
92479
19500
11944
11998
28528
40007
56337
91984
76245
46456
-81922
49179
85435
44349
48181
8673
31998
20027
10930
28198
59892
54182
81503
61822
36868
50528
50534
2295
38650
60678
72575
45424
45822
-84027
24988
79335
24305
87758
55619
32261
33129
-9783
-20140
53672
87125
81591
85069
2145
94718
35419
49590
35834
-96471
32161
10348
65372
47432
78776
-88362
18267
54736
36863
72329
88696
53007
55142
43841
42505
2175
7116
42564
-33794
54287
1662
58595
-27907
95306
95512
18107
69678
54551
41914
98155
95215
53498
37452
82328
13294
49882
77766
32981
68114
94654
7451
33500
4902
-69763
21142
21958
-25253
8775
85494
79994
57639
8810
44243
13553
64053
56100
92814
53653
79834
47442
88487
11797
73468
11609
4497
51529
49438
5661
4876
64347
41117
68097
17162
61658
-40813
82312
91520
42742
46370
68793
51639
43
53982
35233
98989
56286
37514
67636
32461
63335
89118
98782
9808
60443
96246
27069
73236
47270
54980
84301
32319
20166
50423
21056
50919
1501
64115
54885
80576
22782
73001
81742
25723
34603
55655
97895
83849
46278
87461
95186
-19241
22638
63919
59463
20238
77801
72434
8984
6504
94063
72828
44961
28386
73271
67744
98879
96267
67142
93603
92960
19772
26956
44312
29804
18653
46200
30444
79689
15484
-54822
33148
39054
10472
89110
55470
83459
57900
2123
31384
77116
17566
22365
99276
16152
9254
51318
96954
63571
30917
65388
-66161
42175
95909
52108
90208
58156
91630
40225
45521
59476
72959
60190
39908
13312
7532
90153
81568
88639
62596
64851
1123
71712
4847
74187
75826
7135
40268
17576
-20697
13534
86684
65857
72067
76382
99199
56005
26834
2279
92816
8315
89326
55416
65058
72083
55501
52764
12868
64063
46447
1063
16661
62439
42855
46816
42728
45658
55828
46928
10281
-23130
9697
30211
19278
91946
64232
86465
34123
76193
32469
45321
72707
32508
11560
38286
-93836
22979
38074
3676
61355
47164
41140
6904
43420
54015
31712
64609
2740
11506
79765
46860
89580
72558
47840
97396
65641
83996
84027
83117
77882
55537
2429
69265
95539
97779
66007
27871
72945
47151
5582
60225
52882
99426
75821
99238
4342
925
91320
64138
20067
25043
47455
94329
98354
48777
64747
19026
63172
60415
15546
64036
58645
18028
21424
81431
58704
94318
17564
54105
62563
80864
57883
93772
63008
73151
13895
35946
5380
30638
60002
11237
90918
8073
5851
80533
26619
63459
98366
64743
37812
-53132
89178
38323
-83283
9558
36756
31659
-14078
30860
67598
45174
79521
72900
70924
91170
43586
82145
59993
94395
84671
27233
89475
-10604
-82815
95931
90589
67581
11960
-61175
37045
50811
49491
80748
5982
48773
46093
71871
3203
26948
59077
74997
5281
11553
42500
81245
63039
85068
51597
36002
30267
73897
59639
-97426
82167
31755
41910
41217
85425
36516
37292
63509
16955
89380
17707
63076
79661
68889
17079
94255
80102
22716
88070
63192
42270
91629
78551
2281
84538
69160
18615
89209
21111
12373
34699
48298
28013
33814
44004
68151
73081
3356
32468
60179
29431
67382
62138
31313
67753
78788
-73541
92134
85601
6767
82993
68046
46498
20414
20780
2431
76322
88458
31609
99178
15014
63711
38229
50403
36554
80188
55418
49092
43213
67542
53762
-64217
20484
87135
36981
24306
20328
10076
27687
17411
30411
27740
54181
33509
23512
68656
98359
85459
93193
-8421
83978
43302
12585
35231
79456
39668
41918
28002
22221
47844
62698
29968
68613
74634
31441
70910
21573
5202
47836
25053
27877
46988
20688
33391
34698
80852
95177
93240
62773
64167
20499
26153
9108
63467
32681
25713
54433
32881
95074
54884
79314
93156
94691
28994
67688
28899
54163
29129
71635
28382
60980
78799
78287
37659
1510
29298
54536
25230
4078
22852
27170
10292
82232
33369
20107
95941
90120
56578
30482
96633
62484
82427
14898
54116
41919
44298
26635
66594
7653
38570
72582
86453
56210
70987
98789
16310
70152
68857
94266
97098
18158
37072
75882
9310
63923
56236
7572
56330
58722
20679
69253
35787
87371
52722
18136
72233
11692
49898
21700
77307
28113
50379
33026
67115
63737
73774
-37615
16807
67812
76668
21782
45821
76853
86459
5789
-69594
40924
41240
14756
-45365
48086
80872
29801
83652
6385
-27088
94843
84102
10222
82730
30386
-16448
60593
74837
97769
76730
44605
71702
95744
27946
15420
9772
32048
88540
27655
30590
16972
87128
21538
63960
4124
73239
14479
35017
-24852
99479
2195
49525
36791
49441
7473
63307
89880
47598
72092
25446
9570
51339
48120
95277
28893
96587
43149
59017
88874
48447
30124
3453
26900
88474
70037
50240
73743
89585
18181
7045
60278
11341
89528
62623
-19755
10155
99748
17384
35977
79896
29649
44881
4999
47850
69199
93418
41711
58749
41439
95285
83896
75520
77234
43889
38824
76567
96819
88727
28016
72627
32408
53518
1726
6048
4477
86187
57096
14583
94846
91348
81984
-42760
37575
46793
91202
11469
33243
97230
19307
49637
85786
3092
9747
2795
-36622
73160
26722
4219
81043
24763
99912
93690
74453
20312
94005
7375
2463
66976
46157
66748
7985
51023
18415
62703
6100
612
48667
90095
78773
20165
8976
94410
55604
85776
69330
6271
49597
13442
74409
22598
46213
47693
56023
56941
90031
85958
49942
34910
46240
85908
43426
95342
54746
69914
-73318
88326
37078
5383
33304
37921
17299
97737
9203
99739
98999
60938
62031
56917
6868
588
34843
58927
21237
3304
36161
59264
71716
69911
74023
97417
87937
91537
20609
18990
90595
61965
27140
74796
54058
77599
20696
33637
14945
95857
27369
82790
31789
97638
51359
84136
47518
17175
86860
92859
88175
82749
7634
30436
57664
46567
-86099
48107
13184
19199
35569
3259
77095
99333
85598
57268
98391
33031
28723
28420
68506
44929
32163
67794
28926
40404
47765
53720
-40895
30521
98580
68829
11943
38931
88118
60859
20155
73625
-46186
43696
3475
70600
50227
90137
12983
8409
7578
28826
59197
68393
76928
-22112
52761
2483
25375
30934
-63960
81353
1408
91751
80220
7697
87210
12835
46502
47620
98048
31597
71191
13514
68258
58588
71271
34054
74204
98480
72175
52847
90361
69412
3948
49357
-3857
30593
34010
5372
29832
17177
10741
7577
55152
95474
18128
29606
70884
28460
-25381
84005
29969
28084
86245
87679
93852
90477
21768
66575
33238
47183
30567
32546
6319
24768
41973
44484
26592
-29924
-73420
90070
24714
96527
33880
98515
60195
60719
95403
71744
52844
19209
-21748
56871
78704
58073
4930
5450
22877
58135
87398
68675
84871
50570
8800
63903
45533
55282
35741
63997
71518
-86598
90955
73352
37145
3557
59886
32473
50760
-97483
12503
91896
70656
86650
-7993
84748
94925
2608
79611
15888
99956
55687
44494
74654
99680
419
45164
11607
7067
44716
33319
94893
30108
-57326
4195
73462
79687
42588
33426
73224
34045
-59569
4025
11150
83953
39484
13077
26373
66320
83455
57517
31284
35996
99556
29132
9136
19601
821
13146
23709
89473
85626
83936
60257
61778
91574
29680
87869
85795
49689
28634
46021
22039
83429
35234
45303
99714
95399
52334
31474
43584
46541
37768
-46632
64525
48637
62205
28973
78420
22944
-90091
65481
6159
41715
92886
63310
16506
38582
25759
9438
61718
73699
-36156
71942
48571
-35815
79817
6690
45026
35531
39537
38913
10394
6371
43836
81801
7737
61933
51922
47579
57663
35422
42097
74161
16195
58101
74677
94943
14999
-81850
47770
37833
5080
8054
13925
79057
54823
17974
23720
19112
22119
38131
23792
33339
98124
49355
30258
74008
51828
95711
-28732
56752
7605
77640
39325
87325
86923
44991
86350
76376
51614
14612
36354
60638
17995
98315
35289
23704
32374
29592
5462
1592
12718
37485
61423
87891
56558
86728
-97518
-33447
38437
44511
82871
12176
75813
99492
82347
93731
20334
14998
-62145
13638
31620
7210
81840
-75285
75677
3408
46090
72228
7930
49087
50457
93147
47314
44959
37979
26870
9798
93185
73815
30063
50852
69547
61945
45686
52927
58741
28525
13321
14297
66290
70335
87015
60867
90966
68456
59517
19986
61024
79730
-22139
89353
33330
38092
17928
53398
24229
83116
69219
59835
11080
94622
11670
-77909
-94414
82290
6277
17743
49625
14984
3107
15781
46107
6124
46529
73089
76872
40035
94695
74935
41575
43576
51227
83254
96418
76230
81292
63053
14283
79004
37516
81418
36495
13567
59188
20791
69798
36106
38021
42817
21506
9047
86235
17864
47095
37196
10021
88754
89697
29837
56720
94113
65088
88908
94998
84519
72831
30981
13272
80949
49976
10953
64798
64474
74754
6337
60845
-67389
51121
62322
88951
37407
56047
75668
32452
90631
53813
57480
85661
71262
12434
42783
43530
10259
15876
87047
89937
814
-9041
82755
98111
11088
52930
2234
77594
36315
13267
68784
94034
8880
1423
42471
29813
67284
-13803
43498
98433
20584
11528
95984
54053
90500
96104
-86537
60597
5010
68218
8527
6017
83567
81332
63598
50171
8837
50790
82377
-2614
47086
57058
27061
85084
39515
17165
61486
55911
85832
46986
90951
72993
45105
71241
-56090
90960
52805
58573
71395
36417
69992
51549
29281
52723
6512
63692
-16491
12739
96374
47649
62366
74481
18824
78283
89730
63867
38727
54263
9817
72759
15076
34955
32898
35096
84822
37331
36803
52634
20052
78630
9155
40199
21436
-40577
69263
67933
64504
97317
17043
86169
35415
54162
21715
89986
42476
69766
-82049
16691
30977
32353
13907
99146
94996
37208
13874
54788
16311
-29978
69752
82901
46797
41495
15269
4869
11097
82573
6186
-71824
88043
36653
43557
38198
32197
96595
56586
13605
26792
80980
43053
99840
93581
70356
62500
60319
89597
16164
94301
46634
28139
59500
60825
87034
21947
24315
55486
19369
14286
55385
13539
23317
96529
82540
95783
1402
6769
55596
40864
82172
27919
77156
73919
41455
12505
7485
25408
93095
64236
11762
75773
37158
59247
71949
71991
45632
67555
12686
23615
75940
27702
59199
71203
33132
80209
56952
36512
23773
6755
41925
77492
87431
35016
2305
46270
85287
14034
25487
76087
60505
66520
34990
46503
-17756
-31648
56196
81549
42312
12268
36312
61407
24195
37437
23129
14955
73710
52016
6601
71430
-47014
84313
4157
1445
62042
3882
8573
26323
13546
77670
89854
86086
79556
1463
49916
98143
96055
4288
32147
79587
26656
17174
44646
97176
59475
3056
84463
8191
36313
34
11305
34881
97733
18767
3150
66154
55104
58766
4594
83661
8001
89930
76905
79999
90101
69692
22896
18811
7151
35014
62543
5265
41788
53830
45788
42137
3719
58122
-76337
45146
47423
41669
95211
-35597
8292
3654
90100
86153
16664
95901
58780
26617
23073
62025
87963
99936
31624
19791
3295
99091
91999
13647
68645
80245
32544
48185
96837
46383
3699
69935
39155
40448
27241
7267
-58191
49412
94281
59262
50643
63235
15380
15182
58334
35828
95657
89899
35404
41888
86485
67996
83758
3709
51945
42787
27416
49400
7065
75903
82491
56570
45358
6821
16612
32698
3981
-14008
5449
23453
89657
52467
53558
53241
57759
34847
59091
62132
11899
79597
17122
38868
86572
54973
87857
57575
73353
71085
7063
28660
40926
18346
46611
50619
33548
20436
81810
19459
66975
529
13582
39098
38158
75649
-27729
32943
47771
35423
82126
9607
22541
43040
77641
86745
8842
60468
46536
72867
37554
13551
1996
26151
7905
84674
22177
42889
95362
7011
80948
31504
92261
78671
33560
13662
74893
57425
33103
25621
53465
77439
22854
18917
85956
747
40504
58775
46385
17333
73999
-19899
26411
31781
63679
61095
33182
52646
28534
39857
98331
88403
54486
88164
3704
35061
99106
31677
71531
90968
91636
62065
68194
55781
-72670
85382
49506
23631
64469
74724
61989
6794
21372
11901
-25260
68264
48080
4453
-57005
11471
44403
75798
-17890
26164
55414
50111
65141
53734
5587
57290
17517
93420
70840
16515
68738
4204
64792
77676
73113
76233
10318
44208
60736
8017
77945
66051
60836
71817
20176
53654
52798
72397
48550
80840
70423
32516
47192
74827
95145
23597
16119
81589
98464
50027
9621
24928
90392
5263
10504
58656
27947
75650
13613
52416
74301
5246
61631
58106
16065
72886
82614
3010
59638
88659
-54241
15550
78159
44550
92743
58659
57487
43110
96582
78798
46487
-50434
97225
83100
39558
17872
67995
53041
-5289
14745
-34329
35842
-42915
65725
1236
55482
98284
16073
15943
21128
64917
10441
55854
43811
93934
15457
3553
80084
57277
75414
68304
8351
-44067
41676
55861
8404
29419
92237
31470
98704
4079
42046
15475
57455
13688
25066
-35091
65159
78550
39927
16987
43314
90675
73746
88134
21383
56253
47404
70919
-69117
43358
34761
27117
95770
53077
65245
44407
86500
7692
79557
-32529
26996
88856
42157
91085
62922
10513
77387
81220
54129
35875
10173
77967
10667
21575
93236
92546
35067
16596
16488
21063
13752
92857
35505
87259
45536
89832
64892
1218
81977
84570
54780
53173
24044
68467
68546
42284
94659
82782
25165
37202
-41505
39489
74647
25875
94890
96828
46599
40587
58429
88616
48489
87690
15117
87378
3831
67651
14558
-66341
67846
42070
72436
68244
16647
20295
87733
17975
26749
90024
59277
55563
23977
74993
76846
76546
22435
96196
30277
93084
53306
17571
78037
59483
98215
49014
11141
46511
51504
-87706
57788
95500
31508
52658
25811
30833
83504
1607
22656
6870
75702
45953
69941
81098
2771
32562
57150
48546
41924
95166
27326
90574
62986
15669
34237
51957
77588
20986
3781
42699
-53619
73182
36785
44462
31321
84579
40740
28006
95125
80327
37022
82792
64485
55434
52550
91460
2678
96331
46921
24049
14548
92524
10014
69628
23507
12414
33729
25457
2343
79766
78293
90414
42072
87080
24762
-93881
1814
12943
28102
-65018
54192
5042
96960
27838
22747
-52559
49730
12828
72147
30316
50735
23855
57084
69138
1180
-70826
74568
69470
51178
98300
95803
74311
33308
46743
813
29972
70504
38736
42516
42327
45586
95971
1905
30549
42013
45298
-34398
85625
99242
38028
62490
26727
12917
98148
50578
64972
39991
47143
70516
16252
8823
46989
46702
42894
70552
19916
40190
-25116
28708
74457
67561
67161
4356
43642
50097
92942
31105
5620
8076
45391
27873
34111
93856
75605
75038
67533
35435
44076
68970
77894
99349
42561
70968
92492
11626
1425
55260
-31088
36201
35636
94423
34269
49673
49759
-81854
21143
39507
19818
51043
13305
95702
90145
-93684
77526
88800
66123
41699
87569
22794
2568
43972
90679
10608
58730
82899
-89099
20954
3026
29919
58084
93155
85162
25799
41525
42957
78022
45850
70812
51839
13467
9152
164
19652
67821
27133
69017
23229
35305
50300
49458
6728
4708
-53278
16161
55240
88357
85627
36689
14855
22934
69277
79341
29031
50676
27732
99722
28387
81569
39207
19127
12559
75566
8100
78205
14704
6959
27101
23416
33215
52079
73088
87693
51152
27307
42043
75900
94830
71904
94091
30915
31050
51388
83798
98255
83235
99247
1983
66556
20347
65824
86504
39546
1765
36901
6338
78793
13928
38302
19328
-67894
83554
10376
9326
89330
13528
35509
77349
30472
-84166
20192
78432
47265
79199
70150
81437
61163
96877
-54910
33247
91935
-34314
72834
-69321
29383
75395
22772
89559
74295
37937
35971
57108
40617
59728
46759
66988
23413
56953
79269
42253
97445
94385
83875
36166
53159
18443
82297
34710
24201
81258
37037
65495
37693
77501
83866
28908
72269
70649
25027
91468
93172
58646
43573
61256
67357
39438
2352
23759
32687
56510
78693
22474
76744
24896
81155
9566
39922
40021
68617
66446
45695
53737
66423
71107
48517
39050
60306
96707
60480
89789
40605
73941
77407
49526
62645
66555
41583
17647
89895
11803
-91623
94671
67133
30269
53330
94273
78253
20261
72025
32396
72666
22319
19025
16908
25275
36661
85213
76385
-12369
1701
19648
39446
99775
81481
77785
40636
59750
12449
12486
34969
95983
31025
49529
47711
80619
16205
11806
2387
45440
48882
72994
98814
31444
36423
8816
33153
59453
16302
69906
11415
12881
60881
72364
66443
29743
18300
95968
23154
67851
72481
81391
69094
87029
84981
67204
47287
32327
6901
86484
10463
13213
44058
18080
83913
4583
66534
82969
96093
52121
70869
26874
73981
87201
57086
13204
61994
70415
-67658
22837
91444
82862
43351
88746
94986
29095
66221
51496
70999
56831
35468
96291
74687
4466
-55843
48928
66579
15647
50544
45360
75268
24060
84462
91780
14793
1442
-32636
59139
17107
38179
66482
53810
9806
64380
31530
90928
5571
95652
61953
14239
-97145
46534
16529
80386
37789
51765
15708
19608
-42132
65506
49668
78133
61985
92667
95316
19759
96958
48477
47008
58558
71467
1392
2322
87706
14024
5
25803
50694
28731
65343
62368
62516
18935
50777
64398
81979
61996
7166
64543
12128
76089
31338
88272
80765
44195
75573
13917
46706
50465
51748
-50648
26597
24906
85432
17703
55925
12919
54907
81542
91214
56035
50957
74308
22366
14588
13509
8124
32783
52131
14225
33205
9260
60285
39245
53048
72856
23353
72468
52405
74817
48081
9930
25781
97524
75723
53443
96233
74595
22720
63135
83087
91210
85667
66405
88609
84550
69799
21654
85395
71524
24307
98739
43239
60055
88643
73104
-30848
17273
518
72356
31719
7613
54042
41621
28349
99251
-58715
90018
57762
66590
79153
97366
55398
68839
31203
36537
98444
58606
41682
40405
60843
49520
42430
46764
23060
5566
2779
16245
29140
78089
84236
44538
40375
1382
5798
58489
70770
88196
54915
58837
60959
20480
37005
7440
85532
30722
97341
4319
59949
13429
7777
64205
72847
69833
97238
5671
45515
61221
40122
23139
99305
89425
97909
60940
76371
18912
25829
56536
66373
86926
19745
65975
87342
56694
33059
-57828
11271
15758
11673
63729
73047
51497
30071
90106
52899
89152
61122
89611
3790
94320
43377
28212
66763
86439
11722
80531
25466
65726
61670
5344
53174
6127
72392
14559
95689
54222
-91255
-31592
8565
49391
84720
71837
89970
41932
27460
-48219
35060
16033
4328
19304
63154
28080
14296
3917
27614
49056
40479
67703
8896
92382
49992
55821
89430
11957
15311
55638
84229
77804
3665
77151
22229
41938
57971
22514
27224
9949
53000
70093
12513
87145
88413
90991
74940
-13073
67415
90972
84558
22289
55561
55184
34726
68252
81757
42959
337
40874
28479
31058
27964
29121
46869
27402
75504
77902
79286
53703
12259
90533
90011
89914
28501
9070
36327
9248
19336
27098
39831
41909
88318
81813
26577
35586
1497
79370
87946
31687
5208
47505
4075
58218
50642
54468
84758
-50691
33154
3224
86213
15849
96553
17503
84331
15411
5922
71447
98301
92681
60523
72967
47241
41472
40127
22129
46196
37026
64807
90701
51207
43159
23798
15080
22924
18846
21168
22702
25837
85170
59907
79126
61208
55272
80412
83474
80977
72650
96433
26510
47522
8447
49478
58497
66906
66378
82501
99828
42185
41435
76540
57488
76962
99546
32921
63277
10627
-55121
20704
47995
68783
1640
9017
28319
30448
6795
38632
24247
89026
13435
68641
64127
9571
74038
12606
89024
87072
17733
-65421
19064
62172
21068
23622
13041
27535
53510
51989
43089
53827
8875
64172
80710
17223
43094
5772
87331
78310
32675
-19044
22998
79278
7991
90141
55779
74714
96539
8466
40878
3600
61447
39522
66858
22422
35963
71113
97765
48753
54946
66596
57499
46094
77302
33748
695
66701
24348
-66683
74600
26276
84814
25868
-45292
37467
95169
372
84257
25796
58742
63780
98764
-86070
5508
26004
93767
25185
46300
99029
32204
40364
40748
74050
27676
18718
24864
48897
78214
44507
51568
70162
22014
29977
76997
26579
92564
73159
13113
51260
94731
81727
73105
76801
4838
63792
30901
94185
57955
60322
3467
20148
19374
7347
15472
86062
81793
94928
25452
18423
25511
29947
83432
28669
62445
86548
66851
47749
-59348
69235
7214
40507
23730
7194
31298
77267
40293
11667
53850
4037
97798
7933
79569
-41180
81940
75651
62144
73560
40018
19468
64744
80853
53963
99484
-31638
61687
39797
98943
11273
69437
22740
39020
779
35470
-98236
79613
73209
13733
65622
24707
28036
4451
11898
91132
61023
33294
90515
57229
42572
16110
62234
62096
96820
33146
83623
47133
8507
99240
41683
97761
22635
22391
77873
42234
98375
48027
17650
52452
87150
-93831
43625
61215
85358
7807
51580
93606
52014
98091
79306
62592
3337
36211
80099
57928
56463
18298
60116
78543
48505
58800
87528
-14096
35934
75879
79703
29748
6144
19496
6700
24279
52994
67192
83266
30703
73100
61682
24982
28521
17839
71344
47794
85141
88981
96180
81432
92659
53064
26929
2567
5647
7695
42730
10638
73948
4597
11468
27796
97914
9105
27925
60376
57137
30920
24130
73522
15978
81165
52543
38377
29683
83553
80339
73027
61799
76647
7876
-50490
79375
6925
41048
85585
25945
57358
86026
77738
68556
67277
12693
47474
42056
2326
27194
20030
73681
89897
80371
54957
92544
67108
96394
56273
61419
67990
13490
39561
40251
95876
25749
37519
39233
52464
3753
91680
4041
64801
18648
88016
46329
33774
25663
37864
84692
92466
14039
43569
67392
-68708
71382
61818
63452
9102
73259
54174
62567
764
67307
93498
94431
61680
68564
-51505
41138
25228
50855
41111
-43907
66145
9649
-9782
93445
82907
49477
62949
86379
12745
42784
77006
11236
15305
-45728
7008
47656
42164
-73004
112
52762
38556
4810
17562
-12059
24996
34822
88575
57573
87102
-99023
63896
28130
30718
82128
85671
96564
5700
16249
41465
87541
55936
48898
90423
26498
3651
36055
40855
49849
58254
31151
88200
56817
-61007
21802
54289
6553
7715
99221
52481
73066
91191
26344
25505
66952
51645
81974
60368
63986
49146
15723
31616
56606
40893
67975
76505
46859
22371
83002
4010
37150
95356
56591
48029
14853
28632
29361
1339
47145
56167
55145
70317
66060
-70537
43338
1163
73227
12723
6970
21800
16752
30682
8011
87223
32342
62035
38300
73064
21598
63324
7079
24449
43761
46043
16450
27169
45288
7826
75208
27956
-56906
69485
89987
-54133
37450
79888
25637
58868
-82414
42161
55432
50325
52859
76332
89208
4434
45506
92197
50829
70148
66093
20078
19263
78715
69483
18929
5821
3265
61914
53
56796
63488
17249
98688
96229
26183
62607
25889
2845
26633
35350
64650
31489
39318
18801
44722
35388
66683
88050
23992
1100
86164
25263
64018
41697
93888
56698
60563
45648
26620
-14384
26423
93467
48021
90996
94825
46653
13284
20064
56215
18869
12019
-56299
-6247
42459
38542
16060
88620
67694
56104
-55956
27798
-83788
12331
65251
9443
22190
84552
57528
8444
57732
62048
488
99354
1965
51312
3599
83166
93464
3319
3987
62850
20512
21814
55069
86766
99110
57589
51740
49864
52878
76124
22250
31443
-86864
19268
15013
72968
48600
67970
23608
-70659
91302
76515
-37463
48670
43392
92596
6748
41878
80865
21610
42573
24474
76271
28121
-67430
67529
22482
52221
77800
86087
36192
98100
33863
19302
16255
53755
93875
85529
78474
38470
8187
74243
14421
13756
85926
60045
31390
21406
56844
97570
95952
61851
64750
47115
3201
-36835
73110
30175
94430
45438
96370
27079
50225
72756
2826
72689
73048
76517
48808
55492
83149
30092
27490
11470
53687
37490
54639
12390
-7985
50937
43164
69389
20015
75251
88335
63962
18998
-4474
12369
12794
61331
16356
48598
28341
25426
35797
82025
19045
44297
31871
58355
87069
41174
62899
84835
21418
97796
89894
40697
74664
47977
17829
16362
94741
99157
55302
40027
47535
88308
92992
92910
68369
75074
84880
29566
5379
-48245
44696
48768
-22559
55422
91047
32941
15661
9027
15197
20835
45168
51554
97307
47144
48883
65707
51814
-71245
46926
80028
8415
54769
92709
87351
97629
91862
54602
66582
81013
51695
44583
91814
64439
90626
15382
76787
94571
-3656
32496
7100
1766
16957
19872
18841
86380
54874
63572
31398
14536
4003
93471
26523
31973
46197
77204
89858
29329
16367
99645
14046
27209
83501
98563
53114
38742
-23854
96260
49439
40318
40203
86174
37302
92333
24275
29136
80098
59083
65878
14340
15328
72703
95646
-84992
82849
4394
36930
70906
57551
81771
9810
31951
90880
8289
58680
29858
50085
4473
77078
70991
74363
36135
53756
74255
15122
70197
93833
38919
82897
21300
7178
91347
94279
25444
94445
55952
72777
33994
42340
58165
84992
68322
64704
43537
5757
89984
36058
94419
17479
84163
6651
4438
62817
16969
93159
40153
45805
64933
70102
23831
63678
17233
38966
57568
10167
8435
86116
37524
80485
52664
39031
69652
97265
37525
84080
8346
45335
69136
80952
87850
94472
99423
44430
94277
36728
53554
58799
60790
29771
77175
92323
8790
-87555
97191
44608
91599
80351
48223
66153
25032
83989
62154
25068
92906
27531
43689
93131
52106
33361
44415
75210
39752
92451
30751
40258
16309
16478
-74241
34539
91908
92979
83345
44801
64494
43254
70495
69807
94696
82571
77063
-59908
53658
28368
58078
37940
10083
5503
12164
-90788
58935
-84476
76141
88833
75270
88703
6343
47578
6063
21402
6110
38928
33071
55307
64285
30368
4192
61202
34816
41399
79669
28853
92905
65454
70853
63516
59716
89850
23841
46539
958
63972
51117
72000
99394
66178
84116
96490
82588
45950
23031
93003
61843
85143
71359
70360
68551
23865
86448
47992
46761
34316
4502
53797
61637
61140
57824
49676
80800
14676
71422
37973
16219
1458
26973
29950
97699
18000
77915
97944
55507
57826
47775
39940
18420
28069
68351
58179
37546
73063
35255
4668
44113
59044
15388
37948
61318
78813
57187
6831
17209
32759
11163
75983
20215
4607
26331
1034
40675
65169
97024
65791
17993
66318
91917
44481
11377
99281
91986
78261
7883
67898
6266
41
37213
-20172
58702
84349
36498
21087
55315
81078
24921
60987
4878
96339
31717
-37230
56690
59888
55752
18193
96325
7424
83679
78502
77348
90506
68455
56022
73494
6226
80093
2774
33139
57612
69543
-70041
70259
67110
82500
65472
61336
52236
89452
14562
32835
71333
98930
95786
33516
9659
55383
33141
77015
87119
19393
43079
84297
85824
27292
77794
95664
78257
73032
9590
49927
52621
30064
26047
17841
98239
2265
5690
53408
40529
71838
33875
13611
26946
47619
45837
9461
63448
2057
25685
76336
74967
66098
76185
85051
-59180
41841
13292
-31565
50441
40214
54193
13748
39430
63771
35159
56850
78281
14497
26832
38911
66724
46871
-11346
67380
19804
69567
72470
232
54264
29117
32705
95746
72432
36332
47363
61734
-72371
35076
40066
-73425
42665
74218
22548
28766
-1114
18946
84249
1846
89190
89181
67543
76214
1292
1477
47487
97829
37671
49950
22211
73425
34649
59580
94554
52390
93819
75376
33668
95482
44579
1840
48654
67632
58172
20869
22904
48520
54805
1307
60765
36654
1433
99128
3127
90714
66670
81477
7850
14857
26354
28680
40039
66805
10949
42716
42657
19907
32744
25531
56166
-12889
93505
2378
80069
21816
66310
63143
60662
49697
72506
54064
81293
13903
38216
27833
43673
42024
18777
92892
39314
79891
62858
14376
89162
75092
88181
76552
12568
12238
6399
17594
74359
11119
90727
91104
742
-78025
93337
98235
27013
78810
5233
41404
32142
13506
60893
45011
28176
17849
61453
36183
32854
89276
73562
28700
71254
70108
19269
58630
94784
40899
69303
4598
51429
55730
42419
1126
62211
20650
83240
39122
64218
48044
77622
-26821
30084
51476
45992
70204
19725
28931
12034
91675
-78482
58677
65228
59935
10366
45096
82877
7305
98181
1012
23496
13682
18361
72381
76300
78457
68257
75536
78947
50615
55603
73561
56195
3145
1474
74112
-89765
61404
33402
-99686
30117
26830
43396
54899
78882
40931
15108
34633
66134
2407
45384
48124
78913
73821
71751
36752
92087
18010
61041
93678
94614
91581
38626
22163
91825
55615
52199
81450
57823
77508
65448
77768
35775
44072
3818
51575
17502
68861
48709
38306
26119
3577
98889
81187
90200
19470
92264
40832
66723
17269
73845
90742
58929
33563
2394
39456
2210
-72211
70675
25454
35011
19527
27285
54867
87090
70747
50426
47713
40313
22636
49210
1769
20522
33608
52986
97757
16580
22111
24310
3349
-70776
39081
90445
67544
23290
49131
20818
11404
35230
44185
52958
78580
6604
80012
96424
88057
12783
77252
84029
5497
18844
37609
96155
68897
67136
99462
61857
43334
17731
84595
81270
43877
14370
16334
68475
70932
48608
57456
9743
37690
61667
24592
-16114
23679
28823
49221
91786
5178
92579
2133
98671
19521
61264
32548
61368
24882
22857
14433
61225
69792
16509
15812
92251
20788
49552
15639
56320
77750
89903
95355
37113
86972
45500
73484
97814
77299
81089
69326
3130
80361
-32523
-64722
97518
55054
36004
82052
36215
16349
29556
99005
90283
8794
46159
79436
57369
8439
92073
1920
48799
28065
37669
35943
69031
34989
69206
1597
70511
76950
96140
71870
93114
86559
30695
47897
49844
83023
88093
78484
62991
70048
4344
37307
-55528
